0 0 -0.000000e+00
0 1 -0.000000e+00
0 2 -0.000000e+00
0 3 -0.000000e+00
0 4 -0.000000e+00
0 5 -0.000000e+00
0 6 -0.000000e+00
0 7 -0.000000e+00
0 8 -0.000000e+00
0 9 -0.000000e+00
0 10 -0.000000e+00
0 11 -0.000000e+00
0 12 -0.000000e+00
0 13 -0.000000e+00
0 14 -0.000000e+00
0 15 -0.000000e+00
0 16 -0.000000e+00
0 17 -0.000000e+00
0 18 -0.000000e+00
0 19 -0.000000e+00
0 20 -0.000000e+00
0 21 -0.000000e+00
0 22 -0.000000e+00
0 23 -0.000000e+00
0 24 -0.000000e+00
0 25 -0.000000e+00
0 26 -0.000000e+00
0 27 -0.000000e+00
0 28 -0.000000e+00
0 29 -0.000000e+00
0 30 -0.000000e+00
0 31 -0.000000e+00
0 32 -0.000000e+00
0 33 -0.000000e+00
0 34 -0.000000e+00
0 35 -0.000000e+00
0 36 -0.000000e+00
0 37 -0.000000e+00
0 38 -0.000000e+00
0 39 -0.000000e+00
0 40 -0.000000e+00
0 41 -0.000000e+00
0 42 -0.000000e+00
0 43 -0.000000e+00
0 44 -0.000000e+00
0 45 -0.000000e+00
0 46 -0.000000e+00
0 47 -0.000000e+00
0 48 -0.000000e+00
0 49 -0.000000e+00
0 50 -0.000000e+00
0 51 -0.000000e+00
0 52 -0.000000e+00
0 53 -0.000000e+00
0 54 -0.000000e+00
0 55 -0.000000e+00
0 56 -0.000000e+00
0 57 -0.000000e+00
0 58 -0.000000e+00
0 59 -0.000000e+00
0 60 -0.000000e+00
0 61 -0.000000e+00
0 62 -0.000000e+00
0 63 -0.000000e+00
0 64 -0.000000e+00

1 0 -0.000000e+00
1 1 2.039207e+00
1 2 9.820438e-01
1 3 8.600524e-01
1 4 7.141253e-01
1 5 5.620405e-01
1 6 4.191248e-01
1 7 2.959828e-01
1 8 1.977763e-01
1 9 1.248669e-01
1 10 7.428063e-02
1 11 4.137339e-02
1 12 2.122304e-02
1 13 9.521771e-03
1 14 2.966175e-03
1 15 -7.224610e-04
1 16 -2.978786e-03
1 17 -4.635713e-03
1 18 -6.144162e-03
1 19 -7.736254e-03
1 20 -9.530480e-03
1 21 -1.159198e-02
1 22 -1.396361e-02
1 23 -1.668042e-02
1 24 -1.977568e-02
1 25 -2.328319e-02
1 26 -2.723794e-02
1 27 -3.167637e-02
1 28 -3.663636e-02
1 29 -4.215723e-02
1 30 -4.827976e-02
1 31 -5.504614e-02
1 32 -6.250000e-02
1 33 -7.068640e-02
1 34 -7.965183e-02
1 35 -8.944422e-02
1 36 -1.001129e-01
1 37 -1.117087e-01
1 38 -1.242838e-01
1 39 -1.378918e-01
1 40 -1.525879e-01
1 41 -1.684285e-01
1 42 -1.854715e-01
1 43 -2.037764e-01
1 44 -2.234039e-01
1 45 -2.444163e-01
1 46 -2.668772e-01
1 47 -2.908517e-01
1 48 -3.164062e-01
1 49 -3.436089e-01
1 50 -3.725290e-01
1 51 -4.032374e-01
1 52 -4.358063e-01
1 53 -4.703093e-01
1 54 -5.068216e-01
1 55 -5.454198e-01
1 56 -5.861816e-01
1 57 -6.291867e-01
1 58 -6.745157e-01
1 59 -7.222510e-01
1 60 -7.724762e-01
1 61 -8.252764e-01
1 62 -8.807383e-01
1 63 -1.937485e+00
1 64 -0.000000e+00

2 0 -0.000000e+00
2 1 9.820438e-01
2 2 6.403399e-02
2 3 4.818397e-02
2 4 3.057002e-02
2 5 1.413985e-02
2 6 1.053836e-03
2 7 -7.666824e-03
2 8 -1.210067e-02
2 9 -1.309978e-02
2 10 -1.185434e-02
2 11 -9.511998e-03
2 12 -6.945153e-03
2 13 -4.678181e-03
2 14 -2.931088e-03
2 15 -1.717334e-03
2 16 -9.443881e-04
2 17 -4.887253e-04
2 18 -2.384818e-04
2 19 -1.098955e-04
2 20 -4.788033e-05
2 21 -1.974246e-05
2 22 -7.709942e-06
2 23 -2.853556e-06
2 24 -1.001478e-06
2 25 -3.334374e-07
2 26 -1.053598e-07
2 27 -3.160597e-08
2 28 -9.003759e-09
2 29 -2.436407e-09
2 30 -6.263899e-10
2 31 -1.530364e-10
2 32 -3.553663e-11
2 33 -7.844366e-12
2 34 -1.646269e-12
2 35 -3.285190e-13
2 36 -6.234285e-14
2 37 -1.125186e-14
2 38 -1.931590e-15
2 39 -3.154245e-16
2 40 -4.900046e-17
2 41 -7.242033e-18
2 42 -1.018369e-18
2 43 -1.362575e-19
2 44 -1.734806e-20
2 45 -2.101836e-21
2 46 -2.423400e-22
2 47 -2.659188e-23
2 48 -2.777080e-24
2 49 -2.760323e-25
2 50 -2.611432e-26
2 51 -2.351579e-27
2 52 -2.015653e-28
2 53 -1.644598e-29
2 54 -1.277331e-30
2 55 -9.444028e-32
2 56 -6.647096e-33
2 57 -4.453864e-34
2 58 -2.841066e-35
2 59 -1.725335e-36
2 60 -9.975190e-38
2 61 -5.490756e-39
2 62 -2.877486e-40
2 63 -9.941416e-01
2 64 -0.000000e+00

3 0 -0.000000e+00
3 1 8.600524e-01
3 2 4.818397e-02
3 3 3.513115e-02
3 4 2.072196e-02
3 5 7.429532e-03
3 6 -2.955013e-03
3 7 -9.616283e-03
3 8 -1.267267e-02
3 9 -1.289032e-02
3 10 -1.130702e-02
3 11 -8.906974e-03
3 12 -6.425405e-03
3 13 -4.291779e-03
3 14 -2.672470e-03
3 15 -1.558515e-03
3 16 -8.539391e-04
3 17 -4.406394e-04
3 18 -2.145130e-04
3 19 -9.865940e-05
3 20 -4.291555e-05
3 21 -1.767126e-05
3 22 -6.893083e-06
3 23 -2.548682e-06
3 24 -8.937077e-07
3 25 -2.973318e-07
3 26 -9.388907e-08
3 27 -2.814855e-08
3 28 -8.014678e-09
3 29 -2.167764e-09
3 30 -5.570931e-10
3 31 -1.360557e-10
3 32 -3.158301e-11
3 33 -6.969538e-12
3 34 -1.462272e-12
3 35 -2.917290e-13
3 36 -5.534864e-14
3 37 -9.987447e-15
3 38 -1.714203e-15
3 39 -2.798767e-16
3 40 -4.347120e-17
3 41 -6.423882e-18
3 42 -9.031973e-19
3 43 -1.208323e-19
3 44 -1.538234e-20
3 45 -1.863472e-21
3 46 -2.148351e-22
3 47 -2.357155e-23
3 48 -2.461441e-24
3 49 -2.446388e-25
3 50 -2.314254e-26
3 51 -2.083824e-27
3 52 -1.786027e-28
3 53 -1.457152e-29
3 54 -1.131678e-30
3 55 -8.366679e-32
3 56 -5.888510e-33
3 57 -3.945385e-34
3 58 -2.516598e-35
3 59 -1.528225e-36
3 60 -8.835226e-38
3 61 -4.863088e-39
3 62 -2.548460e-40
3 63 -9.868212e-01
3 64 -0.000000e+00

4 0 -0.000000e+00
4 1 7.141253e-01
4 2 3.057002e-02
4 3 2.072196e-02
4 4 9.972967e-03
4 5 2.469054e-04
4 6 -7.089553e-03
4 7 -1.145376e-02
4 8 -1.300334e-02
4 9 -1.239823e-02
4 10 -1.049472e-02
4 11 -8.085043e-03
4 12 -5.745271e-03
4 13 -3.796408e-03
4 14 -2.345152e-03
4 15 -1.359255e-03
4 16 -7.411712e-04
4 17 -3.809704e-04
4 18 -1.848790e-04
4 19 -8.480774e-05
4 20 -3.680943e-05
4 21 -1.512883e-05
4 22 -5.891989e-06
4 23 -2.175555e-06
4 24 -7.619639e-07
4 25 -2.532385e-07
4 26 -7.989276e-08
4 27 -2.393307e-08
4 28 -6.809541e-09
4 29 -1.840630e-09
4 30 -4.727528e-10
4 31 -1.153984e-10
4 32 -2.677535e-11
4 33 -5.906136e-12
4 34 -1.238688e-12
4 35 -2.470375e-13
4 36 -4.685467e-14
4 37 -8.452296e-15
4 38 -1.450331e-15
4 39 -2.367368e-16
4 40 -3.676234e-17
4 41 -5.431366e-18
4 42 -7.635035e-19
4 43 -1.021255e-19
4 44 -1.299878e-20
4 45 -1.574479e-21
4 46 -1.814921e-22
4 47 -1.991056e-23
4 48 -2.078890e-24
4 49 -2.065940e-25
4 50 -1.954146e-26
4 51 -1.759395e-27
4 52 -1.507822e-28
4 53 -1.230067e-29
4 54 -9.552373e-31
4 55 -7.061679e-32
4 56 -4.969685e-33
4 57 -3.329533e-34
4 58 -2.123637e-35
4 59 -1.289519e-36
4 60 -7.454756e-38
4 61 -4.103031e-39
4 62 -2.150051e-40
4 63 -9.765778e-01
4 64 -0.000000e+00

5 0 -0.000000e+00
5 1 5.620405e-01
5 2 1.413985e-02
5 3 7.429532e-03
5 4 2.469054e-04
5 5 -6.030067e-03
5 6 -1.045246e-02
5 7 -1.266093e-02
5 8 -1.284183e-02
5 9 -1.153964e-02
5 10 -9.422561e-03
5 11 -7.087882e-03
5 12 -4.952846e-03
5 13 -3.232683e-03
5 14 -1.978323e-03
5 15 -1.138309e-03
5 16 -6.171025e-04
5 17 -3.157097e-04
5 18 -1.526177e-04
5 19 -6.978370e-05
5 20 -3.020642e-05
5 21 -1.238635e-05
5 22 -4.814378e-06
5 23 -1.774618e-06
5 24 -6.206148e-07
5 25 -2.059922e-07
5 26 -6.491260e-08
5 27 -1.942576e-08
5 28 -5.522097e-09
5 29 -1.491425e-09
5 30 -3.827840e-10
5 31 -9.337616e-11
5 32 -2.165285e-11
5 33 -4.773657e-12
5 34 -1.000689e-12
5 35 -1.994838e-13
5 36 -3.782005e-14
5 37 -6.819982e-15
5 38 -1.169845e-15
5 39 -1.908936e-16
5 40 -2.963493e-17
5 41 -4.377183e-18
5 42 -6.151630e-19
5 43 -8.226499e-20
5 44 -1.046868e-20
5 45 -1.267773e-21
5 46 -1.461111e-22
5 47 -1.602639e-23
5 48 -1.673074e-24
5 49 -1.662407e-25
5 50 -1.572234e-26
5 51 -1.415363e-27
5 52 -1.212837e-28
5 53 -9.893096e-30
5 54 -7.681904e-31
5 55 -5.678356e-32
5 56 -3.995795e-33
5 57 -2.676824e-34
5 58 -1.707187e-35
5 59 -1.036561e-36
5 60 -5.991963e-38
5 61 -3.297697e-39
5 62 -1.727932e-40
5 63 -9.634162e-01
5 64 -0.000000e+00

6 0 -0.000000e+00
6 1 4.191248e-01
6 2 1.053836e-03
6 3 -2.955013e-03
6 4 -7.089553e-03
6 5 -1.045246e-02
6 6 -1.245729e-02
6 7 -1.293096e-02
6 8 -1.207208e-02
6 9 -1.031069e-02
6 10 -8.139634e-03
6 11 -5.979265e-03
6 12 -4.106156e-03
6 13 -2.645029e-03
6 14 -1.602244e-03
6 15 -9.144801e-04
6 16 -4.925300e-04
6 17 -2.506326e-04
6 18 -1.206214e-04
6 19 -5.494817e-05
6 20 -2.370965e-05
6 21 -9.696045e-06
6 22 -3.759923e-06
6 23 -1.383136e-06
6 24 -4.828524e-07
6 25 -1.600178e-07
6 26 -5.035596e-08
6 27 -1.505120e-08
6 28 -4.273914e-09
6 29 -1.153191e-09
6 30 -2.957158e-10
6 31 -7.208004e-11
6 32 -1.670264e-11
6 33 -3.679940e-12
6 34 -7.709630e-13
6 35 -1.536065e-13
6 36 -2.910794e-14
6 37 -5.246598e-15
6 38 -8.995886e-16
6 39 -1.467380e-16
6 40 -2.277211e-17
6 41 -3.362436e-18
6 42 -4.724110e-19
6 43 -6.315749e-20
6 44 -8.035082e-21
6 45 -9.728290e-22
6 46 -1.120940e-22
6 47 -1.229264e-23
6 48 -1.283043e-24
6 49 -1.274634e-25
6 50 -1.205293e-26
6 51 -1.084864e-27
6 52 -9.294922e-29
6 53 -7.580817e-30
6 54 -5.885681e-31
6 55 -4.350087e-32
6 56 -3.060759e-33
6 57 -2.050215e-34
6 58 -1.307426e-35
6 59 -7.937614e-37
6 60 -4.588023e-38
6 61 -2.524823e-39
6 62 -1.322856e-40
6 63 -9.473429e-01
6 64 -0.000000e+00

7 0 -0.000000e+00
7 1 2.959828e-01
7 2 -7.666824e-03
7 3 -9.616283e-03
7 4 -1.145376e-02
7 5 -1.266093e-02
7 6 -1.293096e-02
7 7 -1.222571e-02
7 8 -1.073834e-02
7 9 -8.793822e-03
7 10 -6.735470e-03
7 11 -4.837944e-03
7 12 -3.265955e-03
7 13 -2.075880e-03
7 14 -1.244192e-03
7 15 -7.040538e-04
7 16 -3.765392e-04
7 17 -1.904943e-04
7 18 -9.123147e-05
7 19 -4.138807e-05
7 20 -1.779555e-05
7 21 -7.255368e-06
7 22 -2.806071e-06
7 23 -1.029878e-06
7 24 -3.588057e-07
7 25 -1.186973e-07
7 26 -3.729401e-08
7 27 -1.113141e-08
7 28 -3.156898e-09
7 29 -8.508398e-10
7 30 -2.179624e-10
7 31 -5.307929e-11
7 32 -1.228953e-11
7 33 -2.705606e-12
7 34 -5.664475e-13
7 35 -1.127883e-13
7 36 -2.136079e-14
7 37 -3.848181e-15
7 38 -6.594958e-16
7 39 -1.075270e-16
7 40 -1.668017e-17
7 41 -2.461992e-18
7 42 -3.457803e-19
7 43 -4.621298e-20
7 44 -5.877579e-21
7 45 -7.114149e-22
7 46 -8.195123e-23
7 47 -8.984889e-24
7 48 -9.375843e-25
7 49 -9.312426e-26
7 50 -8.804078e-27
7 51 -7.922936e-28
7 52 -6.787058e-29
7 53 -5.534537e-30
7 54 -4.296312e-31
7 55 -3.174936e-32
7 56 -2.233613e-33
7 57 -1.495972e-34
7 58 -9.538707e-36
7 59 -5.790471e-37
7 60 -3.346600e-38
7 61 -1.841476e-39
7 62 -9.647330e-41
7 63 -9.283658e-01
7 64 -0.000000e+00

8 0 -0.000000e+00
8 1 1.977763e-01
8 2 -1.210067e-02
8 3 -1.267267e-02
8 4 -1.300334e-02
8 5 -1.284183e-02
8 6 -1.207208e-02
8 7 -1.073834e-02
8 8 -9.013567e-03
8 9 -7.132674e-03
8 10 -5.321203e-03
8 11 -3.744363e-03
8 12 -2.486871e-03
8 13 -1.560124e-03
8 14 -9.251547e-04
8 15 -5.189425e-04
8 16 -2.755174e-04
8 17 -1.385328e-04
8 18 -6.600139e-05
8 19 -2.980920e-05
8 20 -1.276799e-05
8 21 -5.188345e-06
8 22 -2.000835e-06
8 23 -7.324815e-07
8 24 -2.546240e-07
8 25 -8.406620e-08
8 26 -2.636667e-08
8 27 -7.857494e-09
8 28 -2.225271e-09
8 29 -5.989909e-10
8 30 -1.532703e-10
8 31 -3.728657e-11
8 32 -8.624923e-12
8 33 -1.897202e-12
8 34 -3.968902e-13
8 35 -7.897060e-14
8 36 -1.494635e-14
8 37 -2.690996e-15
8 38 -4.609248e-16
8 39 -7.511296e-17
8 40 -1.164646e-17
8 41 -1.718271e-18
8 42 -2.412297e-19
8 43 -3.222794e-20
8 44 -4.097478e-21
8 45 -4.957940e-22
8 46 -5.709572e-23
8 47 -6.258056e-24
8 48 -6.528656e-25
8 49 -6.482917e-26
8 50 -6.127631e-27
8 51 -5.513181e-28
8 52 -4.721837e-29
8 53 -3.849722e-30
8 54 -2.987911e-31
8 55 -2.207675e-32
8 56 -1.552891e-33
8 57 -1.039903e-34
8 58 -6.629788e-36
8 59 -4.024093e-37
8 60 -2.325440e-38
8 61 -1.279433e-39
8 62 -6.702114e-41
8 63 -9.064941e-01
8 64 -0.000000e+00

9 0 -0.000000e+00
9 1 1.248669e-01
9 2 -1.309978e-02
9 3 -1.289032e-02
9 4 -1.239823e-02
9 5 -1.153964e-02
9 6 -1.031069e-02
9 7 -8.793822e-03
9 8 -7.132674e-03
9 9 -5.489563e-03
9 10 -4.004014e-03
9 11 -2.766116e-03
9 12 -1.809602e-03
9 13 -1.121144e-03
9 14 -6.579502e-04
9 15 -3.658468e-04
9 16 -1.928037e-04
9 17 -9.633429e-05
9 18 -4.564922e-05
9 19 -2.052126e-05
9 20 -8.754213e-06
9 21 -3.544767e-06
9 22 -1.362770e-06
9 23 -4.975313e-07
9 24 -1.725326e-07
9 25 -5.684054e-08
9 26 -1.779333e-08
9 27 -5.293440e-09
9 28 -1.496802e-09
9 29 -4.023420e-10
9 30 -1.028216e-10
9 31 -2.498512e-11
9 32 -5.773402e-12
9 33 -1.268754e-12
9 34 -2.651901e-13
9 35 -5.272386e-14
9 36 -9.971490e-15
9 37 -1.794100e-15
9 38 -3.071109e-16
9 39 -5.001870e-17
9 40 -7.751443e-18
9 41 -1.143058e-18
9 42 -1.604025e-19
9 43 -2.142055e-20
9 44 -2.722358e-21
9 45 -3.292851e-22
9 46 -3.790770e-23
9 47 -4.153616e-24
9 48 -4.331942e-25
9 49 -4.300409e-26
9 50 -4.063684e-27
9 51 -3.655316e-28
9 52 -3.129936e-29
9 53 -2.551301e-30
9 54 -1.979765e-31
9 55 -1.462514e-32
9 56 -1.028559e-33
9 57 -6.886678e-35
9 58 -4.389841e-36
9 59 -2.664119e-37
9 60 -1.539327e-38
9 61 -8.468119e-40
9 62 -4.435349e-41
9 63 -8.817387e-01
9 64 -0.000000e+00

10 0 -0.000000e+00
10 1 7.428063e-02
10 2 -1.185434e-02
10 3 -1.130702e-02
10 4 -1.049472e-02
10 5 -9.422561e-03
10 6 -8.139634e-03
10 7 -6.735470e-03
10 8 -5.321203e-03
10 9 -4.004014e-03
10 10 -2.864985e-03
10 11 -1.947318e-03
10 12 -1.256510e-03
10 13 -7.694181e-04
10 14 -4.470576e-04
10 15 -2.464698e-04
10 16 -1.289419e-04
10 17 -6.401886e-05
10 18 -3.016981e-05
10 19 -1.349775e-05
10 20 -5.733912e-06
10 21 -2.313224e-06
10 22 -8.864122e-07
10 23 -3.226836e-07
10 24 -1.116115e-07
10 25 -3.668568e-08
10 26 -1.146040e-08
10 27 -3.403100e-09
10 28 -9.606705e-10
10 29 -2.578386e-10
10 30 -6.580224e-11
10 31 -1.596965e-11
10 32 -3.685966e-12
10 33 -8.091805e-13
10 34 -1.689708e-13
10 35 -3.356466e-14
10 36 -6.342879e-15
10 37 -1.140386e-15
10 38 -1.950763e-16
10 39 -3.175177e-17
10 40 -4.917731e-18
10 41 -7.247964e-19
10 42 -1.016579e-19
10 43 -1.356932e-20
10 44 -1.723791e-21
10 45 -2.084185e-22
10 46 -2.398436e-23
10 47 -2.627087e-24
10 48 -2.738976e-25
10 49 -2.718204e-26
10 50 -2.567838e-27
10 51 -2.309168e-28
10 52 -1.976772e-29
10 53 -1.610943e-30
10 54 -1.249785e-31
10 55 -9.230623e-33
10 56 -6.490454e-34
10 57 -4.344855e-35
10 58 -2.769101e-36
10 59 -1.680244e-37
10 60 -9.706947e-39
10 61 -5.339191e-40
10 62 -2.796126e-41
10 63 -8.541117e-01
10 64 -0.000000e+00

11 0 -0.000000e+00
11 1 4.137339e-02
11 2 -9.511998e-03
11 3 -8.906974e-03
11 4 -8.085043e-03
11 5 -7.087882e-03
11 6 -5.979265e-03
11 7 -4.837944e-03
11 8 -3.744363e-03
11 9 -2.766116e-03
11 10 -1.947318e-03
11 11 -1.304872e-03
11 12 -8.315833e-04
11 13 -5.037444e-04
11 14 -2.899535e-04
11 15 -1.585518e-04
11 16 -8.235597e-05
11 17 -4.063400e-05
11 18 -1.904435e-05
11 19 -8.479133e-06
11 20 -3.586591e-06
11 21 -1.441451e-06
11 22 -5.504925e-07
11 23 -1.997946e-07
11 24 -6.891983e-08
11 25 -2.259850e-08
11 26 -7.044260e-09
11 27 -2.087637e-09
11 28 -5.882749e-10
11 29 -1.576343e-10
11 30 -4.017022e-11
11 31 -9.735892e-12
11 32 -2.244393e-12
11 33 -4.921586e-13
11 34 -1.026653e-13
11 35 -2.037431e-14
11 36 -3.846876e-15
11 37 -6.910735e-16
11 38 -1.181283e-16
11 39 -1.921404e-17
11 40 -2.973986e-18
11 41 -4.380599e-19
11 42 -6.140731e-20
11 43 -8.192480e-21
11 44 -1.040244e-21
11 45 -1.257171e-22
11 46 -1.446128e-23
11 47 -1.583380e-24
11 48 -1.650221e-25
11 49 -1.637152e-26
11 50 -1.546098e-27
11 51 -1.389940e-28
11 52 -1.189532e-29
11 53 -9.691392e-31
11 54 -7.516831e-32
11 55 -5.550475e-33
11 56 -3.901934e-34
11 57 -2.611508e-35
11 58 -1.664069e-36
11 59 -1.009546e-37
11 60 -5.831257e-39
11 61 -3.206897e-40
11 62 -1.679191e-41
11 63 -8.236266e-01
11 64 -0.000000e+00

12 0 -0.000000e+00
12 1 2.122304e-02
12 2 -6.945153e-03
12 3 -6.425405e-03
12 4 -5.745271e-03
12 5 -4.952846e-03
12 6 -4.106156e-03
12 7 -3.265955e-03
12 8 -2.486871e-03
12 9 -1.809602e-03
12 10 -1.256510e-03
12 11 -8.315833e-04
12 12 -5.241116e-04
12 13 -3.143693e-04
12 14 -1.793714e-04
12 15 -9.732483e-05
12 16 -5.020634e-05
12 17 -2.462076e-05
12 18 -1.147684e-05
12 19 -5.085235e-06
12 20 -2.141763e-06
12 21 -8.574677e-07
12 22 -3.263408e-07
12 23 -1.180750e-07
12 24 -4.061693e-08
12 25 -1.328461e-08
12 26 -4.131572e-09
12 27 -1.221906e-09
12 28 -3.436749e-10
12 29 -9.193393e-11
12 30 -2.339114e-11
12 31 -5.661131e-12
12 32 -1.303342e-12
12 33 -2.854589e-13
12 34 -5.948164e-14
12 35 -1.179235e-14
12 36 -2.224429e-15
12 37 -3.992624e-16
12 38 -6.819302e-17
12 39 -1.108363e-17
12 40 -1.714364e-18
12 41 -2.523595e-19
12 42 -3.535474e-20
12 43 -4.714137e-21
12 44 -5.982706e-22
12 45 -7.226823e-23
12 46 -8.309294e-24
12 47 -9.094100e-25
12 48 -9.474267e-26
12 49 -9.395770e-27
12 50 -8.870133e-28
12 51 -7.971653e-29
12 52 -6.820186e-30
12 53 -5.554974e-31
12 54 -4.307388e-32
12 55 -3.179798e-33
12 56 -2.234838e-34
12 57 -1.495410e-35
12 58 -9.526830e-37
12 59 -5.778524e-38
12 60 -3.337117e-39
12 61 -1.834921e-40
12 62 -9.606383e-42
12 63 -7.902985e-01
12 64 -0.000000e+00

13 0 -0.000000e+00
13 1 9.521771e-03
13 2 -4.678181e-03
13 3 -4.291779e-03
13 4 -3.796408e-03
13 5 -3.232683e-03
13 6 -2.645029e-03
13 7 -2.075880e-03
13 8 -1.560124e-03
13 9 -1.121144e-03
13 10 -7.694181e-04
13 11 -5.037444e-04
13 12 -3.143693e-04
13 13 -1.868808e-04
13 14 -1.057700e-04
13 15 -5.697272e-05
13 16 -2.919817e-05
13 17 -1.423447e-05
13 18 -6.600308e-06
13 19 -2.910629e-06
13 20 -1.220640e-06
13 21 -4.868086e-07
13 22 -1.846286e-07
13 23 -6.659138e-08
13 24 -2.284168e-08
13 25 -7.451533e-09
13 26 -2.312011e-09
13 27 -6.823096e-10
13 28 -1.915323e-10
13 29 -5.114385e-11
13 30 -1.299146e-11
13 31 -3.139478e-12
13 32 -7.217943e-13
13 33 -1.578872e-13
13 34 -3.286079e-14
13 35 -6.507682e-15
13 36 -1.226339e-15
13 37 -2.199120e-16
13 38 -3.752824e-17
13 39 -6.094740e-18
13 40 -9.420092e-19
13 41 -1.385712e-19
13 42 -1.940096e-20
13 43 -2.585346e-21
13 44 -3.279233e-22
13 45 -3.959097e-23
13 46 -4.549898e-24
13 47 -4.977367e-25
13 48 -5.183230e-26
13 49 -5.138233e-27
13 50 -4.848963e-28
13 51 -4.356267e-29
13 52 -3.725794e-30
13 53 -3.033681e-31
13 54 -2.351663e-32
13 55 -1.735567e-33
13 56 -1.219482e-34
13 57 -8.158001e-36
13 58 -5.196038e-37
13 59 -3.150988e-38
13 60 -1.819334e-39
13 61 -1.000172e-40
13 62 -5.235258e-42
13 63 -7.541438e-01
13 64 -0.000000e+00

14 0 -0.000000e+00
14 1 2.966175e-03
14 2 -2.931088e-03
14 3 -2.672470e-03
14 4 -2.345152e-03
14 5 -1.978323e-03
14 6 -1.602244e-03
14 7 -1.244192e-03
14 8 -9.251547e-04
14 9 -6.579502e-04
14 10 -4.470576e-04
14 11 -2.899535e-04
14 12 -1.793714e-04
14 13 -1.057700e-04
14 14 -5.942002e-05
14 15 -3.178977e-05
14 16 -1.619154e-05
14 17 -7.849267e-06
14 18 -3.621024e-06
14 19 -1.589416e-06
14 20 -6.637540e-07
14 21 -2.637022e-07
14 22 -9.966474e-08
14 23 -3.583302e-08
14 24 -1.225571e-08
14 25 -3.987595e-09
14 26 -1.234267e-09
14 27 -3.634490e-10
14 28 -1.018185e-10
14 29 -2.713772e-11
14 30 -6.881741e-12
14 31 -1.660417e-12
14 32 -3.811940e-13
14 33 -8.327233e-14
14 34 -1.731000e-14
14 35 -3.424133e-15
14 36 -6.445796e-16
14 37 -1.154755e-16
14 38 -1.968812e-17
14 39 -3.194731e-18
14 40 -4.933927e-19
14 41 -7.252581e-20
14 42 -1.014719e-20
14 43 -1.351339e-21
14 44 -1.713008e-22
14 45 -2.067004e-23
14 46 -2.374217e-24
14 47 -2.596010e-25
14 48 -2.702143e-26
14 49 -2.677535e-27
14 50 -2.525779e-28
14 51 -2.268279e-29
14 52 -1.939306e-30
14 53 -1.578527e-31
14 54 -1.223264e-32
14 55 -9.025220e-34
14 56 -6.339728e-35
14 57 -4.239987e-36
14 58 -2.699885e-37
14 59 -1.636884e-38
14 60 -9.449038e-40
14 61 -5.193487e-41
14 62 -2.717921e-42
14 63 -7.151804e-01
14 64 -0.000000e+00

15 0 -0.000000e+00
15 1 -7.224610e-04
15 2 -1.717334e-03
15 3 -1.558515e-03
15 4 -1.359255e-03
15 5 -1.138309e-03
15 6 -9.144801e-04
15 7 -7.040538e-04
15 8 -5.189425e-04
15 9 -3.658468e-04
15 10 -2.464698e-04
15 11 -1.585518e-04
15 12 -9.732483e-05
15 13 -5.697272e-05
15 14 -3.178977e-05
15 15 -1.690085e-05
15 16 -8.558295e-06
15 17 -4.126750e-06
15 18 -1.894439e-06
15 19 -8.278164e-07
15 20 -3.442823e-07
15 21 -1.362646e-07
15 22 -5.132278e-08
15 23 -1.839404e-08
15 24 -6.272946e-09
15 25 -2.035577e-09
15 26 -6.285263e-10
15 27 -1.846636e-10
15 28 -5.162574e-11
15 29 -1.373363e-11
15 30 -3.476536e-12
15 31 -8.374539e-13
15 32 -1.919722e-13
15 33 -4.187839e-14
15 34 -8.694164e-15
15 35 -1.717763e-15
15 36 -3.230043e-16
15 37 -5.780621e-17
15 38 -9.846305e-18
15 39 -1.596305e-18
15 40 -2.463278e-19
15 41 -3.618065e-20
15 42 -5.058422e-21
15 43 -6.731930e-22
15 44 -8.528240e-23
15 45 -1.028451e-23
15 46 -1.180651e-24
15 47 -1.290272e-25
15 48 -1.342367e-26
15 49 -1.329532e-27
15 50 -1.253636e-28
15 51 -1.125373e-29
15 52 -9.617914e-31
15 53 -7.825836e-32
15 54 -6.062508e-33
15 55 -4.471483e-34
15 56 -3.140032e-35
15 57 -2.099448e-36
15 58 -1.336503e-37
15 59 -8.100895e-39
15 60 -4.675190e-40
15 61 -2.569053e-41
15 62 -1.344184e-42
15 63 -6.734276e-01
15 64 -0.000000e+00

16 0 -0.000000e+00
16 1 -2.978786e-03
16 2 -9.443881e-04
16 3 -8.539391e-04
16 4 -7.411712e-04
16 5 -6.171025e-04
16 6 -4.925300e-04
16 7 -3.765392e-04
16 8 -2.755174e-04
16 9 -1.928037e-04
16 10 -1.289419e-04
16 11 -8.235597e-05
16 12 -5.020634e-05
16 13 -2.919817e-05
16 14 -1.619154e-05
16 15 -8.558295e-06
16 16 -4.310340e-06
16 17 -2.067964e-06
16 18 -9.448988e-07
16 19 -4.111122e-07
16 20 -1.702964e-07
16 21 -6.715401e-08
16 22 -2.520702e-08
16 23 -9.005865e-09
16 24 -3.062406e-09
16 25 -9.911031e-10
16 26 -3.052700e-10
16 27 -8.948562e-11
16 28 -2.496458e-11
16 29 -6.628235e-12
16 30 -1.674854e-12
16 31 -4.027785e-13
16 32 -9.218736e-14
16 33 -2.008164e-14
16 34 -4.163490e-15
16 35 -8.215881e-16
16 36 -1.543113e-16
16 37 -2.758651e-17
16 38 -4.694182e-18
16 39 -7.603197e-19
16 40 -1.172234e-19
16 41 -1.720373e-20
16 42 -2.403420e-21
16 43 -3.196272e-22
16 44 -4.046436e-23
16 45 -4.876683e-24
16 46 -5.595084e-25
16 47 -6.111197e-26
16 48 -6.354635e-27
16 49 -6.290806e-28
16 50 -5.928978e-29
16 51 -5.320072e-30
16 52 -4.544910e-31
16 53 -3.696655e-32
16 54 -2.862687e-33
16 55 -2.110694e-34
16 56 -1.481728e-35
16 57 -9.903941e-37
16 58 -6.303019e-38
16 59 -3.819395e-39
16 60 -2.203688e-40
16 61 -1.210652e-41
16 62 -6.332946e-43
16 63 -6.289062e-01
16 64 -0.000000e+00

17 0 -0.000000e+00
17 1 -4.635713e-03
17 2 -4.887253e-04
17 3 -4.406394e-04
17 4 -3.809704e-04
17 5 -3.157097e-04
17 6 -2.506326e-04
17 7 -1.904943e-04
17 8 -1.385328e-04
17 9 -9.633429e-05
17 10 -6.401886e-05
17 11 -4.063400e-05
17 12 -2.462076e-05
17 13 -1.423447e-05
17 14 -7.849267e-06
17 15 -4.126750e-06
17 16 -2.067964e-06
17 17 -9.874561e-07
17 18 -4.491950e-07
17 19 -1.946314e-07
17 20 -8.031273e-08
17 21 -3.155688e-08
17 22 -1.180585e-08
17 23 -4.204931e-09
17 24 -1.425773e-09
17 25 -4.602044e-10
17 26 -1.413981e-10
17 27 -4.135402e-11
17 28 -1.151238e-11
17 29 -3.050568e-12
17 30 -7.694187e-13
17 31 -1.847187e-13
17 32 -4.221109e-14
17 33 -9.181478e-15
17 34 -1.900960e-15
17 35 -3.746383e-16
17 36 -7.028063e-17
17 37 -1.255016e-17
17 38 -2.133334e-18
17 39 -3.452003e-19
17 40 -5.317317e-20
17 41 -7.797035e-21
17 42 -1.088400e-21
17 43 -1.446360e-22
17 44 -1.829783e-23
17 45 -2.203759e-24
17 46 -2.526833e-25
17 47 -2.758307e-26
17 48 -2.866610e-27
17 49 -2.836352e-28
17 50 -2.671915e-29
17 51 -2.396412e-30
17 52 -2.046359e-31
17 53 -1.663753e-32
17 54 -1.287916e-33
17 55 -9.492527e-35
17 56 -6.661571e-36
17 57 -4.451191e-37
17 58 -2.831943e-38
17 59 -1.715558e-39
17 60 -9.895617e-41
17 61 -5.435009e-42
17 62 -2.842373e-43
17 63 -5.816384e-01
17 64 -0.000000e+00

18 0 -0.000000e+00
18 1 -6.144162e-03
18 2 -2.384818e-04
18 3 -2.145130e-04
18 4 -1.848790e-04
18 5 -1.526177e-04
18 6 -1.206214e-04
18 7 -9.123147e-05
18 8 -6.600139e-05
18 9 -4.564922e-05
18 10 -3.016981e-05
18 11 -1.904435e-05
18 12 -1.147684e-05
18 13 -6.600308e-06
18 14 -3.621024e-06
18 15 -1.894439e-06
18 16 -9.448988e-07
18 17 -4.491950e-07
18 18 -2.034858e-07
18 19 -8.782148e-08
18 20 -3.610486e-08
18 21 -1.413742e-08
18 22 -5.271885e-09
18 23 -1.872027e-09
18 24 -6.329599e-10
18 25 -2.037658e-10
18 26 -6.245343e-11
18 27 -1.822362e-11
18 28 -5.062364e-12
18 29 -1.338762e-12
18 30 -3.370371e-13
18 31 -8.077413e-14
18 32 -1.842827e-14
18 33 -4.002339e-15
18 34 -8.274858e-16
18 35 -1.628644e-16
18 36 -3.051499e-17
18 37 -5.442830e-18
18 38 -9.241969e-19
18 39 -1.493951e-19
18 40 -2.299032e-20
18 41 -3.368176e-21
18 42 -4.697758e-22
18 43 -6.237885e-23
18 44 -7.885695e-24
18 45 -9.490812e-25
18 46 -1.087508e-25
18 47 -1.186403e-26
18 48 -1.232274e-27
18 49 -1.218603e-28
18 50 -1.147366e-29
18 51 -1.028564e-30
18 52 -8.779173e-32
18 53 -7.134670e-33
18 54 -5.520724e-34
18 55 -4.067467e-35
18 56 -2.853393e-36
18 57 -1.905955e-37
18 58 -1.212217e-38
18 59 -7.341227e-40
18 60 -4.233313e-41
18 61 -2.324443e-42
18 62 -1.215311e-43
18 63 -5.316477e-01
18 64 -0.000000e+00

19 0 -0.000000e+00
19 1 -7.736254e-03
19 2 -1.098955e-04
19 3 -9.865940e-05
19 4 -8.480774e-05
19 5 -6.978370e-05
19 6 -5.494817e-05
19 7 -4.138807e-05
19 8 -2.980920e-05
19 9 -2.052126e-05
19 10 -1.349775e-05
19 11 -8.479133e-06
19 12 -5.085235e-06
19 13 -2.910629e-06
19 14 -1.589416e-06
19 15 -8.278164e-07
19 16 -4.111122e-07
19 17 -1.946314e-07
19 18 -8.782148e-08
19 19 -3.776104e-08
19 20 -1.546939e-08
19 21 -6.037112e-09
19 22 -2.244196e-09
19 23 -7.945568e-10
19 24 -2.679077e-10
19 25 -8.602234e-11
19 26 -2.630134e-11
19 27 -7.657108e-12
19 28 -2.122536e-12
19 29 -5.601902e-13
19 30 -1.407654e-13
19 31 -3.367658e-14
19 32 -7.670547e-15
19 33 -1.663362e-15
19 34 -3.434050e-16
19 35 -6.749706e-17
19 36 -1.263051e-17
19 37 -2.250173e-18
19 38 -3.816547e-19
19 39 -6.162931e-20
19 40 -9.474761e-21
19 41 -1.386808e-21
19 42 -1.932566e-22
19 43 -2.564046e-23
19 44 -3.238875e-24
19 45 -3.895318e-25
19 46 -4.460420e-26
19 47 -4.862910e-27
19 48 -5.047870e-28
19 49 -4.989019e-29
19 50 -4.694842e-30
19 51 -4.206580e-31
19 52 -3.588750e-32
19 53 -2.915188e-33
19 54 -2.254772e-34
19 55 -1.660561e-35
19 56 -1.164465e-36
19 57 -7.775356e-38
19 58 -4.943557e-39
19 59 -2.992865e-40
19 60 -1.725305e-41
19 61 -9.470620e-43
19 62 -4.950254e-44
19 63 -4.789591e-01
19 64 -0.000000e+00

20 0 -0.000000e+00
20 1 -9.530480e-03
20 2 -4.788033e-05
20 3 -4.291555e-05
20 4 -3.680943e-05
20 5 -3.020642e-05
20 6 -2.370965e-05
20 7 -1.779555e-05
20 8 -1.276799e-05
20 9 -8.754213e-06
20 10 -5.733912e-06
20 11 -3.586591e-06
20 12 -2.141763e-06
20 13 -1.220640e-06
20 14 -6.637540e-07
20 15 -3.442823e-07
20 16 -1.702964e-07
20 17 -8.031273e-08
20 18 -3.610486e-08
20 19 -1.546939e-08
20 20 -6.315968e-09
20 21 -2.457008e-09
20 22 -9.105880e-10
20 23 -3.214706e-10
20 24 -1.081001e-10
20 25 -3.462134e-11
20 26 -1.056007e-11
20 27 -3.067403e-12
20 28 -8.484706e-13
20 29 -2.234849e-13
20 30 -5.605204e-14
20 31 -1.338615e-14
20 32 -3.043915e-15
20 33 -6.590446e-16
20 34 -1.358618e-16
20 35 -2.666714e-17
20 36 -4.983671e-18
20 37 -8.867772e-19
20 38 -1.502350e-19
20 39 -2.423366e-20
20 40 -3.721849e-21
20 41 -5.442411e-22
20 42 -7.577365e-23
20 43 -1.004480e-23
20 44 -1.267833e-24
20 45 -1.523644e-25
20 46 -1.743441e-26
20 47 -1.899488e-27
20 48 -1.970486e-28
20 49 -1.946350e-29
20 50 -1.830550e-30
20 51 -1.639299e-31
20 52 -1.397827e-32
20 53 -1.134932e-33
20 54 -8.774260e-35
20 55 -6.459185e-36
20 56 -4.527664e-37
20 57 -3.022056e-38
20 58 -1.920724e-39
20 59 -1.162423e-40
20 60 -6.698881e-42
20 61 -3.676052e-43
20 62 -1.920899e-44
20 63 -4.235992e-01
20 64 -0.000000e+00

21 0 -0.000000e+00
21 1 -1.159198e-02
21 2 -1.974246e-05
21 3 -1.767126e-05
21 4 -1.512883e-05
21 5 -1.238635e-05
21 6 -9.696045e-06
21 7 -7.255368e-06
21 8 -5.188345e-06
21 9 -3.544767e-06
21 10 -2.313224e-06
21 11 -1.441451e-06
21 12 -8.574677e-07
21 13 -4.868086e-07
21 14 -2.637022e-07
21 15 -1.362646e-07
21 16 -6.715401e-08
21 17 -3.155688e-08
21 18 -1.413742e-08
21 19 -6.037112e-09
21 20 -2.457008e-09
21 21 -9.528957e-10
21 22 -3.521232e-10
21 23 -1.239681e-10
21 24 -4.157685e-11
21 25 -1.328268e-11
21 26 -4.041874e-12
21 27 -1.171432e-12
21 28 -3.233453e-13
21 29 -8.499877e-14
21 30 -2.127842e-14
21 31 -5.072636e-15
21 32 -1.151554e-15
21 33 -2.489325e-16
21 34 -5.124113e-17
21 35 -1.004360e-17
21 36 -1.874513e-18
21 37 -3.331293e-19
21 38 -5.637148e-20
21 39 -9.082940e-21
21 40 -1.393518e-21
21 41 -2.035717e-22
21 42 -2.831656e-23
21 43 -3.750441e-24
21 44 -4.729809e-25
21 45 -5.679698e-26
21 46 -6.494241e-27
21 47 -7.070570e-28
21 48 -7.330017e-29
21 49 -7.235720e-30
21 50 -6.801214e-31
21 51 -6.087247e-32
21 52 -5.187847e-33
21 53 -4.210048e-34
21 54 -3.253288e-35
21 55 -2.393843e-36
21 56 -1.677291e-37
21 57 -1.119084e-38
21 58 -7.109845e-40
21 59 -4.301333e-41
21 60 -2.477953e-42
21 61 -1.359353e-43
21 62 -7.101040e-45
21 63 -3.655959e-01
21 64 -0.000000e+00

22 0 -0.000000e+00
22 1 -1.396361e-02
22 2 -7.709942e-06
22 3 -6.893083e-06
22 4 -5.891989e-06
22 5 -4.814378e-06
22 6 -3.759923e-06
22 7 -2.806071e-06
22 8 -2.000835e-06
22 9 -1.362770e-06
22 10 -8.864122e-07
22 11 -5.504925e-07
22 12 -3.263408e-07
22 13 -1.846286e-07
22 14 -9.966474e-08
22 15 -5.132278e-08
22 16 -2.520702e-08
22 17 -1.180585e-08
22 18 -5.271885e-09
22 19 -2.244196e-09
22 20 -9.105880e-10
22 21 -3.521232e-10
22 22 -1.297568e-10
22 23 -4.556002e-11
22 24 -1.524114e-11
22 25 -4.857311e-12
22 26 -1.474649e-12
22 27 -4.264509e-13
22 28 -1.174663e-13
22 29 -3.081778e-14
22 30 -7.700436e-15
22 31 -1.832483e-15
22 32 -4.153003e-16
22 33 -8.963361e-17
22 34 -1.842284e-17
22 35 -3.605880e-18
22 36 -6.720915e-19
22 37 -1.192896e-19
22 38 -2.016178e-20
22 39 -3.244923e-21
22 40 -4.973085e-22
22 41 -7.257572e-23
22 42 -1.008554e-23
22 43 -1.334592e-24
22 44 -1.681661e-25
22 45 -2.017757e-26
22 46 -2.305365e-27
22 47 -2.508138e-28
22 48 -2.598392e-29
22 49 -2.563302e-30
22 50 -2.407898e-31
22 51 -2.153874e-32
22 52 -1.834626e-33
22 53 -1.488062e-34
22 54 -1.149323e-35
22 55 -8.453024e-37
22 56 -5.920143e-38
22 57 -3.948243e-39
22 58 -2.507428e-40
22 59 -1.516377e-41
22 60 -8.732563e-43
22 61 -4.788871e-44
22 62 -2.500823e-45
22 63 -3.049784e-01
22 64 -0.000000e+00

23 0 -0.000000e+00
23 1 -1.668042e-02
23 2 -2.853556e-06
23 3 -2.548682e-06
23 4 -2.175555e-06
23 5 -1.774618e-06
23 6 -1.383136e-06
23 7 -1.029878e-06
23 8 -7.324815e-07
23 9 -4.975313e-07
23 10 -3.226836e-07
23 11 -1.997946e-07
23 12 -1.180750e-07
23 13 -6.659138e-08
23 14 -3.583302e-08
23 15 -1.839404e-08
23 16 -9.005865e-09
23 17 -4.204931e-09
23 18 -1.872027e-09
23 19 -7.945568e-10
23 20 -3.214706e-10
23 21 -1.239681e-10
23 22 -4.556002e-11
23 23 -1.595590e-11
23 24 -5.324559e-12
23 25 -1.692921e-12
23 26 -5.128016e-13
23 27 -1.479771e-13
23 28 -4.067691e-14
23 29 -1.065094e-14
23 30 -2.656411e-15
23 31 -6.310351e-16
23 32 -1.427737e-16
23 33 -3.076566e-17
23 34 -6.313888e-18
23 35 -1.234044e-18
23 36 -2.296989e-19
23 37 -4.071692e-20
23 38 -6.873418e-21
23 39 -1.104962e-21
23 40 -1.691587e-22
23 41 -2.466098e-23
23 42 -3.423673e-24
23 43 -4.526246e-25
23 44 -5.698309e-26
23 45 -6.831473e-27
23 46 -7.799060e-28
23 47 -8.478695e-29
23 48 -8.777566e-30
23 49 -8.653213e-31
23 50 -8.123420e-32
23 51 -7.262042e-33
23 52 -6.182119e-34
23 53 -5.011585e-35
23 54 -3.868767e-36
23 55 -2.844005e-37
23 56 -1.990899e-38
23 57 -1.327181e-39
23 58 -8.425068e-41
23 59 -5.093078e-42
23 60 -2.931917e-43
23 61 -1.607268e-44
23 62 -8.390562e-46
23 63 -2.417775e-01
23 64 -0.000000e+00

24 0 -0.000000e+00
24 1 -1.977568e-02
24 2 -1.001478e-06
24 3 -8.937077e-07
24 4 -7.619639e-07
24 5 -6.206148e-07
24 6 -4.828524e-07
24 7 -3.588057e-07
24 8 -2.546240e-07
24 9 -1.725326e-07
24 10 -1.116115e-07
24 11 -6.891983e-08
24 12 -4.061693e-08
24 13 -2.284168e-08
24 14 -1.225571e-08
24 15 -6.272946e-09
24 16 -3.062406e-09
24 17 -1.425773e-09
24 18 -6.329599e-10
24 19 -2.679077e-10
24 20 -1.081001e-10
24 21 -4.157685e-11
24 22 -1.524114e-11
24 23 -5.324559e-12
24 24 -1.772610e-12
24 25 -5.623062e-13
24 26 -1.699543e-13
24 27 -4.893994e-14
24 28 -1.342586e-14
24 29 -3.508701e-15
24 30 -8.734863e-16
24 31 -2.071351e-16
24 32 -4.678682e-17
24 33 -1.006588e-17
24 34 -2.062651e-18
24 35 -4.025640e-19
24 36 -7.482896e-20
24 37 -1.324713e-20
24 38 -2.233489e-21
24 39 -3.586324e-22
24 40 -5.484202e-23
24 41 -7.986763e-24
24 42 -1.107688e-24
24 43 -1.463020e-25
24 44 -1.840203e-26
24 45 -2.204256e-27
24 46 -2.514413e-28
24 47 -2.731418e-29
24 48 -2.825629e-30
24 49 -2.783662e-31
24 50 -2.611508e-32
24 51 -2.333132e-33
24 52 -1.984996e-34
24 53 -1.608245e-35
24 54 -1.240844e-36
24 55 -9.117041e-38
24 56 -6.379153e-39
24 57 -4.250544e-40
24 58 -2.697111e-41
24 59 -1.629769e-42
24 60 -9.378355e-44
24 61 -5.139266e-45
24 62 -2.681945e-46
24 63 -1.760254e-01
24 64 -0.000000e+00

25 0 -0.000000e+00
25 1 -2.328319e-02
25 2 -3.334374e-07
25 3 -2.973318e-07
25 4 -2.532385e-07
25 5 -2.059922e-07
25 6 -1.600178e-07
25 7 -1.186973e-07
25 8 -8.406620e-08
25 9 -5.684054e-08
25 10 -3.668568e-08
25 11 -2.259850e-08
25 12 -1.328461e-08
25 13 -7.451533e-09
25 14 -3.987595e-09
25 15 -2.035577e-09
25 16 -9.911031e-10
25 17 -4.602044e-10
25 18 -2.037658e-10
25 19 -8.602234e-11
25 20 -3.462134e-11
25 21 -1.328268e-11
25 22 -4.857311e-12
25 23 -1.692921e-12
25 24 -5.623062e-13
25 25 -1.779806e-13
25 26 -5.367922e-14
25 27 -1.542577e-14
25 28 -4.223473e-15
25 29 -1.101673e-15
25 30 -2.737637e-16
25 31 -6.480680e-17
25 32 -1.461405e-17
25 33 -3.139144e-18
25 34 -6.422869e-19
25 35 -1.251735e-19
25 36 -2.323542e-20
25 37 -4.108036e-21
25 38 -6.917591e-22
25 39 -1.109444e-22
25 40 -1.694645e-23
25 41 -2.465298e-24
25 42 -3.415641e-25
25 43 -4.506950e-26
25 44 -5.663658e-27
25 45 -6.778157e-28
25 46 -7.725446e-29
25 47 -8.385525e-30
25 48 -8.668210e-31
25 49 -8.533344e-32
25 50 -8.000149e-33
25 51 -7.142735e-34
25 52 -6.073198e-35
25 53 -4.917630e-36
25 54 -3.792093e-37
25 55 -2.784750e-38
25 56 -1.947498e-39
25 57 -1.297033e-40
25 58 -8.226369e-42
25 59 -4.968759e-43
25 60 -2.858054e-44
25 61 -1.565581e-45
25 62 -8.167011e-47
25 63 -1.077557e-01
25 64 -0.000000e+00

26 0 -0.000000e+00
26 1 -2.723794e-02
26 2 -1.053598e-07
26 3 -9.388907e-08
26 4 -7.989276e-08
26 5 -6.491260e-08
26 6 -5.035596e-08
26 7 -3.729401e-08
26 8 -2.636667e-08
26 9 -1.779333e-08
26 10 -1.146040e-08
26 11 -7.044260e-09
26 12 -4.131572e-09
26 13 -2.312011e-09
26 14 -1.234267e-09
26 15 -6.285263e-10
26 16 -3.052700e-10
26 17 -1.413981e-10
26 18 -6.245343e-11
26 19 -2.630134e-11
26 20 -1.056007e-11
26 21 -4.041874e-12
26 22 -1.474649e-12
26 23 -5.128016e-13
26 24 -1.699543e-13
26 25 -5.367922e-14
26 26 -1.615636e-14
26 27 -4.633593e-15
26 28 -1.266209e-15
26 29 -3.296733e-16
26 30 -8.177736e-17
26 31 -1.932568e-17
26 32 -4.350828e-18
26 33 -9.331026e-19
26 34 -1.906309e-19
26 35 -3.709804e-20
26 36 -6.876874e-21
26 37 -1.214237e-21
26 38 -2.042107e-22
26 39 -3.271209e-23
26 40 -4.990972e-24
26 41 -7.252744e-25
26 42 -1.003815e-25
26 43 -1.323227e-26
26 44 -1.661264e-27
26 45 -1.986383e-28
26 46 -2.262056e-29
26 47 -2.453331e-30
26 48 -2.534069e-31
26 49 -2.492801e-32
26 50 -2.335399e-33
26 51 -2.083709e-34
26 52 -1.770572e-35
26 53 -1.432811e-36
26 54 -1.104236e-37
26 55 -8.104586e-39
26 56 -5.664937e-40
26 57 -3.770974e-41
26 58 -2.390592e-42
26 59 -1.443278e-43
26 60 -8.298254e-45
26 61 -4.543757e-46
26 62 -2.369380e-47
26 63 -3.700352e-02
26 64 -0.000000e+00

27 0 -0.000000e+00
27 1 -3.167637e-02
27 2 -3.160597e-08
27 3 -2.814855e-08
27 4 -2.393307e-08
27 5 -1.942576e-08
27 6 -1.505120e-08
27 7 -1.113141e-08
27 8 -7.857494e-09
27 9 -5.293440e-09
27 10 -3.403100e-09
27 11 -2.087637e-09
27 12 -1.221906e-09
27 13 -6.823096e-10
27 14 -3.634490e-10
27 15 -1.846636e-10
27 16 -8.948562e-11
27 17 -4.135402e-11
27 18 -1.822362e-11
27 19 -7.657108e-12
27 20 -3.067403e-12
27 21 -1.171432e-12
27 22 -4.264509e-13
27 23 -1.479771e-13
27 24 -4.893994e-14
27 25 -1.542577e-14
27 26 -4.633593e-15
27 27 -1.326331e-15
27 28 -3.617642e-16
27 29 -9.401937e-17
27 30 -2.328131e-17
27 31 -5.492593e-18
27 32 -1.234555e-18
27 33 -2.643571e-19
27 34 -5.392681e-20
27 35 -1.047945e-20
27 36 -1.939907e-21
27 37 -3.420742e-22
27 38 -5.745757e-23
27 39 -9.192900e-24
27 40 -1.400967e-24
27 41 -2.033601e-25
27 42 -2.811638e-26
27 43 -3.702564e-27
27 44 -4.643974e-28
27 45 -5.547737e-29
27 46 -6.312134e-30
27 47 -6.840166e-31
27 48 -7.059655e-32
27 49 -6.939421e-33
27 50 -6.496551e-34
27 51 -5.792414e-35
27 52 -4.918707e-36
27 53 -3.977908e-37
27 54 -3.063859e-38
27 55 -2.247456e-39
27 56 -1.570076e-40
27 57 -1.044613e-41
27 58 -6.619029e-43
27 59 -3.994257e-44
27 60 -2.295512e-45
27 61 -1.256388e-46
27 62 -6.548899e-48
27 63 3.619474e-02
27 64 -0.000000e+00

28 0 -0.000000e+00
28 1 -3.663636e-02
28 2 -9.003759e-09
28 3 -8.014678e-09
28 4 -6.809541e-09
28 5 -5.522097e-09
28 6 -4.273914e-09
28 7 -3.156898e-09
28 8 -2.225271e-09
28 9 -1.496802e-09
28 10 -9.606705e-10
28 11 -5.882749e-10
28 12 -3.436749e-10
28 13 -1.915323e-10
28 14 -1.018185e-10
28 15 -5.162574e-11
28 16 -2.496458e-11
28 17 -1.151238e-11
28 18 -5.062364e-12
28 19 -2.122536e-12
28 20 -8.484706e-13
28 21 -3.233453e-13
28 22 -1.174663e-13
28 23 -4.067691e-14
28 24 -1.342586e-14
28 25 -4.223473e-15
28 26 -1.266209e-15
28 27 -3.617642e-16
28 28 -9.849364e-17
28 29 -2.555245e-17
28 30 -6.316544e-18
28 31 -1.487753e-18
28 32 -3.338642e-19
28 33 -7.138075e-20
28 34 -1.453952e-20
28 35 -2.821394e-21
28 36 -5.215664e-22
28 37 -9.184939e-23
28 38 -1.540826e-23
28 39 -2.462246e-24
28 40 -3.748017e-25
28 41 -5.434448e-26
28 42 -7.505605e-27
28 43 -9.873828e-28
28 44 -1.237225e-28
28 45 -1.476622e-29
28 46 -1.678581e-30
28 47 -1.817450e-31
28 48 -1.874243e-32
28 49 -1.840891e-33
28 50 -1.722128e-34
28 51 -1.534386e-35
28 52 -1.302064e-36
28 53 -1.052340e-37
28 54 -8.100338e-39
28 55 -5.938421e-40
28 56 -4.146269e-41
28 57 -2.757152e-42
28 58 -1.746139e-43
28 59 -1.053198e-44
28 60 -6.049965e-46
28 61 -3.309833e-47
28 62 -1.724520e-48
28 63 1.118011e-01
28 64 -0.000000e+00

29 0 -0.000000e+00
29 1 -4.215723e-02
29 2 -2.436407e-09
29 3 -2.167764e-09
29 4 -1.840630e-09
29 5 -1.491425e-09
29 6 -1.153191e-09
29 7 -8.508398e-10
29 8 -5.989909e-10
29 9 -4.023420e-10
29 10 -2.578386e-10
29 11 -1.576343e-10
29 12 -9.193393e-11
29 13 -5.114385e-11
29 14 -2.713772e-11
29 15 -1.373363e-11
29 16 -6.628235e-12
29 17 -3.050568e-12
29 18 -1.338762e-12
29 19 -5.601902e-13
29 20 -2.234849e-13
29 21 -8.499877e-14
29 22 -3.081778e-14
29 23 -1.065094e-14
29 24 -3.508701e-15
29 25 -1.101673e-15
29 26 -3.296733e-16
29 27 -9.401937e-17
29 28 -2.555245e-17
29 29 -6.617743e-18
29 30 -1.633167e-18
29 31 -3.840410e-19
29 32 -8.604669e-20
29 33 -1.836899e-20
29 34 -3.736082e-21
29 35 -7.239598e-22
29 36 -1.336493e-22
29 37 -2.350510e-23
29 38 -3.938123e-24
29 39 -6.285483e-25
29 40 -9.556542e-26
29 41 -1.384099e-26
29 42 -1.909543e-27
29 43 -2.509463e-28
29 44 -3.141333e-29
29 45 -3.745613e-30
29 46 -4.254039e-31
29 47 -4.601977e-32
29 48 -4.741837e-33
29 49 -4.653755e-34
29 50 -4.350215e-35
29 51 -3.873151e-36
29 52 -3.284436e-37
29 53 -2.652751e-38
29 54 -2.040649e-39
29 55 -1.495111e-40
29 56 -1.043300e-41
29 57 -6.933826e-43
29 58 -4.388969e-44
29 59 -2.645914e-45
29 60 -1.519185e-46
29 61 -8.307405e-48
29 62 -4.326516e-49
29 63 1.897764e-01
29 64 -0.000000e+00

30 0 -0.000000e+00
30 1 -4.827976e-02
30 2 -6.263899e-10
30 3 -5.570931e-10
30 4 -4.727528e-10
30 5 -3.827840e-10
30 6 -2.957158e-10
30 7 -2.179624e-10
30 8 -1.532703e-10
30 9 -1.028216e-10
30 10 -6.580224e-11
30 11 -4.017022e-11
30 12 -2.339114e-11
30 13 -1.299146e-11
30 14 -6.881741e-12
30 15 -3.476536e-12
30 16 -1.674854e-12
30 17 -7.694187e-13
30 18 -3.370371e-13
30 19 -1.407654e-13
30 20 -5.605204e-14
30 21 -2.127842e-14
30 22 -7.700436e-15
30 23 -2.656411e-15
30 24 -8.734863e-16
30 25 -2.737637e-16
30 26 -8.177736e-17
30 27 -2.328131e-17
30 28 -6.316544e-18
30 29 -1.633167e-18
30 30 -4.023866e-19
30 31 -9.447159e-20
30 32 -2.113431e-20
30 33 -4.504943e-21
30 34 -9.149359e-22
30 35 -1.770432e-22
30 36 -3.263942e-23
30 37 -5.732825e-24
30 38 -9.592837e-25
30 39 -1.529211e-25
30 40 -2.322309e-26
30 41 -3.359666e-27
30 42 -4.630067e-28
30 43 -6.078349e-29
30 44 -7.601231e-30
30 45 -9.054726e-31
30 46 -1.027433e-31
30 47 -1.110484e-32
30 48 -1.143264e-33
30 49 -1.121117e-34
30 50 -1.047179e-35
30 51 -9.316469e-37
30 52 -7.894753e-38
30 53 -6.372039e-39
30 54 -4.898549e-40
30 55 -3.586759e-41
30 56 -2.501378e-42
30 57 -1.661484e-43
30 58 -1.051114e-44
30 59 -6.333408e-46
30 60 -3.634603e-47
30 61 -1.986580e-48
30 62 -1.034148e-49
30 63 2.700796e-01
30 64 -0.000000e+00

31 0 -0.000000e+00
31 1 -5.504614e-02
31 2 -1.530364e-10
31 3 -1.360557e-10
31 4 -1.153984e-10
31 5 -9.337616e-11
31 6 -7.208004e-11
31 7 -5.307929e-11
31 8 -3.728657e-11
31 9 -2.498512e-11
31 10 -1.596965e-11
31 11 -9.735892e-12
31 12 -5.661131e-12
31 13 -3.139478e-12
31 14 -1.660417e-12
31 15 -8.374539e-13
31 16 -4.027785e-13
31 17 -1.847187e-13
31 18 -8.077413e-14
31 19 -3.367658e-14
31 20 -1.338615e-14
31 21 -5.072636e-15
31 22 -1.832483e-15
31 23 -6.310351e-16
31 24 -2.071351e-16
31 25 -6.480680e-17
31 26 -1.932568e-17
31 27 -5.492593e-18
31 28 -1.487753e-18
31 29 -3.840410e-19
31 30 -9.447159e-20
31 31 -2.214553e-20
31 32 -4.946715e-21
31 33 -1.052882e-21
31 34 -2.135308e-22
31 35 -4.126166e-23
31 36 -7.596720e-24
31 37 -1.332561e-24
31 38 -2.226993e-25
31 39 -3.545773e-26
31 40 -5.378407e-27
31 41 -7.772093e-28
31 42 -1.069930e-28
31 43 -1.403128e-29
31 44 -1.752897e-30
31 45 -2.086053e-31
31 46 -2.364818e-32
31 47 -2.553682e-33
31 48 -2.626799e-34
31 49 -2.573784e-35
31 50 -2.402134e-36
31 51 -2.135490e-37
31 52 -1.808291e-38
31 53 -1.458495e-39
31 54 -1.120479e-40
31 55 -8.198992e-42
31 56 -5.714413e-43
31 57 -3.793446e-44
31 58 -2.398524e-45
31 59 -1.444438e-46
31 60 -8.285067e-48
31 61 -4.526186e-49
31 62 -2.355080e-50
31 63 3.526687e-01
31 64 -0.000000e+00

32 0 -0.000000e+00
32 1 -6.250000e-02
32 2 -3.553663e-11
32 3 -3.158301e-11
32 4 -2.677535e-11
32 5 -2.165285e-11
32 6 -1.670264e-11
32 7 -1.228953e-11
32 8 -8.624923e-12
32 9 -5.773402e-12
32 10 -3.685966e-12
32 11 -2.244393e-12
32 12 -1.303342e-12
32 13 -7.217943e-13
32 14 -3.811940e-13
32 15 -1.919722e-13
32 16 -9.218736e-14
32 17 -4.221109e-14
32 18 -1.842827e-14
32 19 -7.670547e-15
32 20 -3.043915e-15
32 21 -1.151554e-15
32 22 -4.153003e-16
32 23 -1.427737e-16
32 24 -4.678682e-17
32 25 -1.461405e-17
32 26 -4.350828e-18
32 27 -1.234555e-18
32 28 -3.338642e-19
32 29 -8.604669e-20
32 30 -2.113431e-20
32 31 -4.946715e-21
32 32 -1.103332e-21
32 33 -2.345000e-22
32 34 -4.749124e-23
32 35 -9.164436e-24
32 36 -1.685031e-24
32 37 -2.951946e-25
32 38 -4.927159e-26
32 39 -7.835421e-27
32 40 -1.187123e-27
32 41 -1.713514e-28
32 42 -2.356294e-29
32 43 -3.086828e-30
32 44 -3.852380e-31
32 45 -4.580066e-32
32 46 -5.187205e-33
32 47 -5.596383e-34
32 48 -5.751583e-35
32 49 -5.630765e-36
32 50 -5.250997e-37
32 51 -4.664500e-38
32 52 -3.946866e-39
32 53 -3.181112e-40
32 54 -2.442193e-41
32 55 -1.785877e-42
32 56 -1.243912e-43
32 57 -8.252585e-45
32 58 -5.214942e-46
32 59 -3.138806e-47
32 60 -1.799417e-48
32 61 -9.825358e-50
32 62 -5.109889e-51
32 63 4.375000e-01
32 64 -0.000000e+00

33 0 -0.000000e+00
33 1 -7.068640e-02
33 2 -7.844366e-12
33 3 -6.969538e-12
33 4 -5.906136e-12
33 5 -4.773657e-12
33 6 -3.679940e-12
33 7 -2.705606e-12
33 8 -1.897202e-12
33 9 -1.268754e-12
33 10 -8.091805e-13
33 11 -4.921586e-13
33 12 -2.854589e-13
33 13 -1.578872e-13
33 14 -8.327233e-14
33 15 -4.187839e-14
33 16 -2.008164e-14
33 17 -9.181478e-15
33 18 -4.002339e-15
33 19 -1.663362e-15
33 20 -6.590446e-16
33 21 -2.489325e-16
33 22 -8.963361e-17
33 23 -3.076566e-17
33 24 -1.006588e-17
33 25 -3.139144e-18
33 26 -9.331026e-19
33 27 -2.643571e-19
33 28 -7.138075e-20
33 29 -1.836899e-20
33 30 -4.504943e-21
33 31 -1.052882e-21
33 32 -2.345000e-22
33 33 -4.976986e-23
33 34 -1.006556e-23
33 35 -1.939748e-24
33 36 -3.561866e-25
33 37 -6.231943e-26
33 38 -1.038897e-26
33 39 -1.650117e-27
33 40 -2.497125e-28
33 41 -3.600313e-29
33 42 -4.945448e-30
33 43 -6.471845e-31
33 44 -8.068628e-32
33 45 -9.583245e-33
33 46 -1.084326e-33
33 47 -1.168783e-34
33 48 -1.200132e-35
33 49 -1.173919e-36
33 50 -1.093844e-37
33 51 -9.709027e-39
33 52 -8.209055e-40
33 53 -6.611541e-41
33 54 -5.072237e-42
33 55 -3.706627e-43
33 56 -2.580100e-44
33 57 -1.710677e-45
33 58 -1.080363e-46
33 59 -6.498867e-48
33 60 -3.723645e-49
33 61 -2.032161e-50
33 62 -1.056341e-51
33 63 5.245284e-01
33 64 -0.000000e+00

34 0 -0.000000e+00
34 1 -7.965183e-02
34 2 -1.646269e-12
34 3 -1.462272e-12
34 4 -1.238688e-12
34 5 -1.000689e-12
34 6 -7.709630e-13
34 7 -5.664475e-13
34 8 -3.968902e-13
34 9 -2.651901e-13
34 10 -1.689708e-13
34 11 -1.026653e-13
34 12 -5.948164e-14
34 13 -3.286079e-14
34 14 -1.731000e-14
34 15 -8.694164e-15
34 16 -4.163490e-15
34 17 -1.900960e-15
34 18 -8.274858e-16
34 19 -3.434050e-16
34 20 -1.358618e-16
34 21 -5.124113e-17
34 22 -1.842284e-17
34 23 -6.313888e-18
34 24 -2.062651e-18
34 25 -6.422869e-19
34 26 -1.906309e-19
34 27 -5.392681e-20
34 28 -1.453952e-20
34 29 -3.736082e-21
34 30 -9.149359e-22
34 31 -2.135308e-22
34 32 -4.749124e-23
34 33 -1.006556e-23
34 34 -2.032928e-24
34 35 -3.912505e-25
34 36 -7.175061e-26
34 37 -1.253786e-26
34 38 -2.087558e-27
34 39 -3.311776e-28
34 40 -5.005889e-29
34 41 -7.209255e-30
34 42 -9.891899e-31
34 43 -1.293126e-31
34 44 -1.610517e-32
34 45 -1.910936e-33
34 46 -2.160107e-34
34 47 -2.326194e-35
34 48 -2.386444e-36
34 49 -2.332301e-37
34 50 -2.171400e-38
34 51 -1.925800e-39
34 52 -1.627019e-40
34 53 -1.309420e-41
34 54 -1.003841e-42
34 55 -7.330699e-44
34 56 -5.099362e-45
34 57 -3.378872e-46
34 58 -2.132597e-47
34 59 -1.282102e-48
34 60 -7.341921e-50
34 61 -4.004663e-51
34 62 -2.080597e-52
34 63 6.137075e-01
34 64 -0.000000e+00

35 0 -0.000000e+00
35 1 -8.944422e-02
35 2 -3.285190e-13
35 3 -2.917290e-13
35 4 -2.470375e-13
35 5 -1.994838e-13
35 6 -1.536065e-13
35 7 -1.127883e-13
35 8 -7.897060e-14
35 9 -5.272386e-14
35 10 -3.356466e-14
35 11 -2.037431e-14
35 12 -1.179235e-14
35 13 -6.507682e-15
35 14 -3.424133e-15
35 15 -1.717763e-15
35 16 -8.215881e-16
35 17 -3.746383e-16
35 18 -1.628644e-16
35 19 -6.749706e-17
35 20 -2.666714e-17
35 21 -1.004360e-17
35 22 -3.605880e-18
35 23 -1.234044e-18
35 24 -4.025640e-19
35 25 -1.251735e-19
35 26 -3.709804e-20
35 27 -1.047945e-20
35 28 -2.821394e-21
35 29 -7.239598e-22
35 30 -1.770432e-22
35 31 -4.126166e-23
35 32 -9.164436e-24
35 33 -1.939748e-24
35 34 -3.912505e-25
35 35 -7.520105e-26
35 36 -1.377343e-26
35 37 -2.403807e-27
35 38 -3.997483e-28
35 39 -6.334231e-29
35 40 -9.563398e-30
35 41 -1.375729e-30
35 42 -1.885589e-31
35 43 -2.462331e-32
35 44 -3.063539e-33
35 45 -3.631366e-34
35 46 -4.100896e-35
35 47 -4.412071e-36
35 48 -4.522247e-37
35 49 -4.415780e-38
35 50 -4.107671e-39
35 51 -3.640095e-40
35 52 -3.072929e-41
35 53 -2.471210e-42
35 54 -1.893122e-43
35 55 -1.381510e-44
35 56 -9.603530e-46
35 57 -6.359229e-47
35 58 -4.011161e-48
35 59 -2.410035e-49
35 60 -1.379304e-50
35 61 -7.519275e-52
35 62 -3.904518e-53
35 63 7.049894e-01
35 64 -0.000000e+00

36 0 -0.000000e+00
36 1 -1.001129e-01
36 2 -6.234285e-14
36 3 -5.534864e-14
36 4 -4.685467e-14
36 5 -3.782005e-14
36 6 -2.910794e-14
36 7 -2.136079e-14
36 8 -1.494635e-14
36 9 -9.971490e-15
36 10 -6.342879e-15
36 11 -3.846876e-15
36 12 -2.224429e-15
36 13 -1.226339e-15
36 14 -6.445796e-16
36 15 -3.230043e-16
36 16 -1.543113e-16
36 17 -7.028063e-17
36 18 -3.051499e-17
36 19 -1.263051e-17
36 20 -4.983671e-18
36 21 -1.874513e-18
36 22 -6.720915e-19
36 23 -2.296989e-19
36 24 -7.482896e-20
36 25 -2.323542e-20
36 26 -6.876874e-21
36 27 -1.939907e-21
36 28 -5.215664e-22
36 29 -1.336493e-22
36 30 -3.263942e-23
36 31 -7.596720e-24
36 32 -1.685031e-24
36 33 -3.561866e-25
36 34 -7.175061e-26
36 35 -1.377343e-26
36 36 -2.519520e-27
36 37 -4.391805e-28
36 38 -7.294726e-29
36 39 -1.154534e-29
36 40 -1.741113e-30
36 41 -2.501853e-31
36 42 -3.425332e-32
36 43 -4.468292e-33
36 44 -5.553548e-34
36 45 -6.576304e-35
36 46 -7.419392e-36
36 47 -7.974851e-37
36 48 -8.166532e-38
36 49 -7.967221e-39
36 50 -7.404976e-40
36 51 -6.556645e-41
36 52 -5.530633e-42
36 53 -4.444238e-43
36 54 -3.402072e-44
36 55 -2.480891e-45
36 56 -1.723395e-46
36 57 -1.140433e-47
36 58 -7.188817e-49
36 59 -4.316616e-50
36 60 -2.469012e-51
36 61 -1.345217e-52
36 62 -6.981464e-54
36 63 7.983246e-01
36 64 -0.000000e+00

37 0 -0.000000e+00
37 1 -1.117087e-01
37 2 -1.125186e-14
37 3 -9.987447e-15
37 4 -8.452296e-15
37 5 -6.819982e-15
37 6 -5.246598e-15
37 7 -3.848181e-15
37 8 -2.690996e-15
37 9 -1.794100e-15
37 10 -1.140386e-15
37 11 -6.910735e-16
37 12 -3.992624e-16
37 13 -2.199120e-16
37 14 -1.154755e-16
37 15 -5.780621e-17
37 16 -2.758651e-17
37 17 -1.255016e-17
37 18 -5.442830e-18
37 19 -2.250173e-18
37 20 -8.867772e-19
37 21 -3.331293e-19
37 22 -1.192896e-19
37 23 -4.071692e-20
37 24 -1.324713e-20
37 25 -4.108036e-21
37 26 -1.214237e-21
37 27 -3.420742e-22
37 28 -9.184939e-23
37 29 -2.350510e-23
37 30 -5.732825e-24
37 31 -1.332561e-24
37 32 -2.951946e-25
37 33 -6.231943e-26
37 34 -1.253786e-26
37 35 -2.403807e-27
37 36 -4.391805e-28
37 37 -7.646193e-29
37 38 -1.268521e-29
37 39 -2.005357e-30
37 40 -3.020780e-31
37 41 -4.335827e-32
37 42 -5.929829e-33
37 43 -7.727195e-34
37 44 -9.594081e-35
37 45 -1.134957e-35
37 46 -1.279211e-36
37 47 -1.373678e-37
37 48 -1.405403e-38
37 49 -1.369881e-39
37 50 -1.272109e-40
37 51 -1.125432e-41
37 52 -9.485515e-43
37 53 -7.616294e-44
37 54 -5.825881e-45
37 55 -4.245306e-46
37 56 -2.947002e-47
37 57 -1.948815e-48
37 58 -1.227649e-49
37 59 -7.366934e-51
37 60 -4.211174e-52
37 61 -2.293078e-53
37 62 -1.189404e-54
37 63 8.936624e-01
37 64 -0.000000e+00

38 0 -0.000000e+00
38 1 -1.242838e-01
38 2 -1.931590e-15
38 3 -1.714203e-15
38 4 -1.450331e-15
38 5 -1.169845e-15
38 6 -8.995886e-16
38 7 -6.594958e-16
38 8 -4.609248e-16
38 9 -3.071109e-16
38 10 -1.950763e-16
38 11 -1.181283e-16
38 12 -6.819302e-17
38 13 -3.752824e-17
38 14 -1.968812e-17
38 15 -9.846305e-18
38 16 -4.694182e-18
38 17 -2.133334e-18
38 18 -9.241969e-19
38 19 -3.816547e-19
38 20 -1.502350e-19
38 21 -5.637148e-20
38 22 -2.016178e-20
38 23 -6.873418e-21
38 24 -2.233489e-21
38 25 -6.917591e-22
38 26 -2.042107e-22
38 27 -5.745757e-23
38 28 -1.540826e-23
38 29 -3.938123e-24
38 30 -9.592837e-25
38 31 -2.226993e-25
38 32 -4.927159e-26
38 33 -1.038897e-26
38 34 -2.087558e-27
38 35 -3.997483e-28
38 36 -7.294726e-29
38 37 -1.268521e-29
38 38 -2.102057e-30
38 39 -3.319265e-31
38 40 -4.994387e-32
38 41 -7.160733e-33
38 42 -9.782734e-34
38 43 -1.273453e-34
38 44 -1.579496e-35
38 45 -1.866634e-36
38 46 -2.101832e-37
38 47 -2.254905e-38
38 48 -2.304850e-39
38 49 -2.244579e-40
38 50 -2.082562e-41
38 51 -1.840881e-42
38 52 -1.550287e-43
38 53 -1.243800e-44
38 54 -9.506818e-46
38 55 -6.922460e-47
38 56 -4.801983e-48
38 57 -3.173294e-49
38 58 -1.997671e-50
38 59 -1.198000e-51
38 60 -6.843901e-53
38 61 -3.724429e-54
38 62 -1.930725e-55
38 63 9.909506e-01
38 64 -0.000000e+00

39 0 -0.000000e+00
39 1 -1.378918e-01
39 2 -3.154245e-16
39 3 -2.798767e-16
39 4 -2.367368e-16
39 5 -1.908936e-16
39 6 -1.467380e-16
39 7 -1.075270e-16
39 8 -7.511296e-17
39 9 -5.001870e-17
39 10 -3.175177e-17
39 11 -1.921404e-17
39 12 -1.108363e-17
39 13 -6.094740e-18
39 14 -3.194731e-18
39 15 -1.596305e-18
39 16 -7.603197e-19
39 17 -3.452003e-19
39 18 -1.493951e-19
39 19 -6.162931e-20
39 20 -2.423366e-20
39 21 -9.082940e-21
39 22 -3.244923e-21
39 23 -1.104962e-21
39 24 -3.586324e-22
39 25 -1.109444e-22
39 26 -3.271209e-23
39 27 -9.192900e-24
39 28 -2.462246e-24
39 29 -6.285483e-25
39 30 -1.529211e-25
39 31 -3.545773e-26
39 32 -7.835421e-27
39 33 -1.650117e-27
39 34 -3.311776e-28
39 35 -6.334231e-29
39 36 -1.154534e-29
39 37 -2.005357e-30
39 38 -3.319265e-31
39 39 -5.235406e-32
39 40 -7.868819e-33
39 41 -1.126970e-33
39 42 -1.537984e-34
39 43 -1.999957e-35
39 44 -2.478060e-36
39 45 -2.925624e-37
39 46 -3.291043e-38
39 47 -3.527365e-39
39 48 -3.602154e-40
39 49 -3.504794e-41
39 50 -3.248962e-42
39 51 -2.869474e-43
39 52 -2.414511e-44
39 53 -1.935615e-45
39 54 -1.478312e-46
39 55 -1.075634e-47
39 56 -7.456039e-49
39 57 -4.923703e-50
39 58 -3.097490e-51
39 59 -1.856339e-52
39 60 -1.059811e-53
39 61 -5.763933e-55
39 62 -2.986231e-56
39 63 1.090136e+00
39 64 -0.000000e+00

40 0 -0.000000e+00
40 1 -1.525879e-01
40 2 -4.900046e-17
40 3 -4.347120e-17
40 4 -3.676234e-17
40 5 -2.963493e-17
40 6 -2.277211e-17
40 7 -1.668017e-17
40 8 -1.164646e-17
40 9 -7.751443e-18
40 10 -4.917731e-18
40 11 -2.973986e-18
40 12 -1.714364e-18
40 13 -9.420092e-19
40 14 -4.933927e-19
40 15 -2.463278e-19
40 16 -1.172234e-19
40 17 -5.317317e-20
40 18 -2.299032e-20
40 19 -9.474761e-21
40 20 -3.721849e-21
40 21 -1.393518e-21
40 22 -4.973085e-22
40 23 -1.691587e-22
40 24 -5.484202e-23
40 25 -1.694645e-23
40 26 -4.990972e-24
40 27 -1.400967e-24
40 28 -3.748017e-25
40 29 -9.556542e-26
40 30 -2.322309e-26
40 31 -5.378407e-27
40 32 -1.187123e-27
40 33 -2.497125e-28
40 34 -5.005889e-29
40 35 -9.563398e-30
40 36 -1.741113e-30
40 37 -3.020780e-31
40 38 -4.994387e-32
40 39 -7.868819e-33
40 40 -1.181394e-33
40 41 -1.690172e-34
40 42 -2.304154e-35
40 43 -2.993161e-36
40 44 -3.704927e-37
40 45 -4.369723e-38
40 46 -4.910730e-39
40 47 -5.258352e-40
40 48 -5.364857e-41
40 49 -5.215129e-42
40 50 -4.830188e-43
40 51 -4.262347e-44
40 52 -3.583547e-45
40 53 -2.870456e-46
40 54 -2.190565e-47
40 55 -1.592659e-48
40 56 -1.103177e-49
40 57 -7.279776e-51
40 58 -4.576518e-52
40 59 -2.740889e-53
40 60 -1.563801e-54
40 61 -8.499632e-56
40 62 -4.400909e-57
40 63 1.191162e+00
40 64 -0.000000e+00

41 0 -0.000000e+00
41 1 -1.684285e-01
41 2 -7.242033e-18
41 3 -6.423882e-18
41 4 -5.431366e-18
41 5 -4.377183e-18
41 6 -3.362436e-18
41 7 -2.461992e-18
41 8 -1.718271e-18
41 9 -1.143058e-18
41 10 -7.247964e-19
41 11 -4.380599e-19
41 12 -2.523595e-19
41 13 -1.385712e-19
41 14 -7.252581e-20
41 15 -3.618065e-20
41 16 -1.720373e-20
41 17 -7.797035e-21
41 18 -3.368176e-21
41 19 -1.386808e-21
41 20 -5.442411e-22
41 21 -2.035717e-22
41 22 -7.257572e-23
41 23 -2.466098e-23
41 24 -7.986763e-24
41 25 -2.465298e-24
41 26 -7.252744e-25
41 27 -2.033601e-25
41 28 -5.434448e-26
41 29 -1.384099e-26
41 30 -3.359666e-27
41 31 -7.772093e-28
41 32 -1.713514e-28
41 33 -3.600313e-29
41 34 -7.209255e-30
41 35 -1.375729e-30
41 36 -2.501853e-31
41 37 -4.335827e-32
41 38 -7.160733e-33
41 39 -1.126970e-33
41 40 -1.690172e-34
41 41 -2.415498e-35
41 42 -3.289531e-36
41 43 -4.268806e-37
41 44 -5.278589e-38
41 45 -6.219593e-39
41 46 -6.982849e-40
41 47 -7.470051e-41
41 48 -7.614274e-42
41 49 -7.395052e-43
41 50 -6.843142e-44
41 51 -6.033444e-45
41 52 -5.068325e-46
41 53 -4.056457e-47
41 54 -3.093190e-48
41 55 -2.247180e-49
41 56 -1.555373e-50
41 57 -1.025632e-51
41 58 -6.443213e-53
41 59 -3.856225e-54
41 60 -2.198698e-55
41 61 -1.194283e-56
41 62 -6.179900e-58
41 63 1.293974e+00
41 64 -0.000000e+00

42 0 -0.000000e+00
42 1 -1.854715e-01
42 2 -1.018369e-18
42 3 -9.031973e-19
42 4 -7.635035e-19
42 5 -6.151630e-19
42 6 -4.724110e-19
42 7 -3.457803e-19
42 8 -2.412297e-19
42 9 -1.604025e-19
42 10 -1.016579e-19
42 11 -6.140731e-20
42 12 -3.535474e-20
42 13 -1.940096e-20
42 14 -1.014719e-20
42 15 -5.058422e-21
42 16 -2.403420e-21
42 17 -1.088400e-21
42 18 -4.697758e-22
42 19 -1.932566e-22
42 20 -7.577365e-23
42 21 -2.831656e-23
42 22 -1.008554e-23
42 23 -3.423673e-24
42 24 -1.107688e-24
42 25 -3.415641e-25
42 26 -1.003815e-25
42 27 -2.811638e-26
42 28 -7.505605e-27
42 29 -1.909543e-27
42 30 -4.630067e-28
42 31 -1.069930e-28
42 32 -2.356294e-29
42 33 -4.945448e-30
42 34 -9.891899e-31
42 35 -1.885589e-31
42 36 -3.425332e-32
42 37 -5.929829e-33
42 38 -9.782734e-34
42 39 -1.537984e-34
42 40 -2.304154e-35
42 41 -3.289531e-36
42 42 -4.475212e-37
42 43 -5.801560e-38
42 44 -7.166743e-39
42 45 -8.436045e-40
42 46 -9.462157e-41
42 47 -1.011276e-41
42 48 -1.029844e-42
42 49 -9.992861e-44
42 50 -9.238863e-45
42 51 -8.138637e-46
42 52 -6.830986e-47
42 53 -5.462705e-48
42 54 -4.162160e-49
42 55 -3.021418e-50
42 56 -2.089671e-51
42 57 -1.376938e-52
42 58 -8.644000e-54
42 59 -5.169795e-55
42 60 -2.945674e-56
42 61 -1.598981e-57
42 62 -8.268833e-59
42 63 1.398513e+00
42 64 -0.000000e+00

43 0 -0.000000e+00
43 1 -2.037764e-01
43 2 -1.362575e-19
43 3 -1.208323e-19
43 4 -1.021255e-19
43 5 -8.226499e-20
43 6 -6.315749e-20
43 7 -4.621298e-20
43 8 -3.222794e-20
43 9 -2.142055e-20
43 10 -1.356932e-20
43 11 -8.192480e-21
43 12 -4.714137e-21
43 13 -2.585346e-21
43 14 -1.351339e-21
43 15 -6.731930e-22
43 16 -3.196272e-22
43 17 -1.446360e-22
43 18 -6.237885e-23
43 19 -2.564046e-23
43 20 -1.004480e-23
43 21 -3.750441e-24
43 22 -1.334592e-24
43 23 -4.526246e-25
43 24 -1.463020e-25
43 25 -4.506950e-26
43 26 -1.323227e-26
43 27 -3.702564e-27
43 28 -9.873828e-28
43 29 -2.509463e-28
43 30 -6.078349e-29
43 31 -1.403128e-29
43 32 -3.086828e-30
43 33 -6.471845e-31
43 34 -1.293126e-31
43 35 -2.462331e-32
43 36 -4.468292e-33
43 37 -7.727195e-34
43 38 -1.273453e-34
43 39 -1.999957e-35
43 40 -2.993161e-36
43 41 -4.268806e-37
43 42 -5.801560e-38
43 43 -7.513463e-39
43 44 -9.272296e-40
43 45 -1.090387e-40
43 46 -1.221843e-41
43 47 -1.304624e-42
43 48 -1.327349e-43
43 49 -1.286794e-44
43 50 -1.188644e-45
43 51 -1.046182e-46
43 52 -8.773443e-48
43 53 -7.010259e-49
43 54 -5.336957e-50
43 55 -3.871179e-51
43 56 -2.675328e-52
43 57 -1.761527e-53
43 58 -1.105031e-54
43 59 -6.604304e-56
43 60 -3.760465e-57
43 61 -2.039916e-58
43 62 -1.054228e-59
43 63 1.504720e+00
43 64 -0.000000e+00

44 0 -0.000000e+00
44 1 -2.234039e-01
44 2 -1.734806e-20
44 3 -1.538234e-20
44 4 -1.299878e-20
44 5 -1.046868e-20
44 6 -8.035082e-21
44 7 -5.877579e-21
44 8 -4.097478e-21
44 9 -2.722358e-21
44 10 -1.723791e-21
44 11 -1.040244e-21
44 12 -5.982706e-22
44 13 -3.279233e-22
44 14 -1.713008e-22
44 15 -8.528240e-23
44 16 -4.046436e-23
44 17 -1.829783e-23
44 18 -7.885695e-24
44 19 -3.238875e-24
44 20 -1.267833e-24
44 21 -4.729809e-25
44 22 -1.681661e-25
44 23 -5.698309e-26
44 24 -1.840203e-26
44 25 -5.663658e-27
44 26 -1.661264e-27
44 27 -4.643974e-28
44 28 -1.237225e-28
44 29 -3.141333e-29
44 30 -7.601231e-30
44 31 -1.752897e-30
44 32 -3.852380e-31
44 33 -8.068628e-32
44 34 -1.610517e-32
44 35 -3.063539e-33
44 36 -5.553548e-34
44 37 -9.594081e-35
44 38 -1.579496e-35
44 39 -2.478060e-36
44 40 -3.704927e-37
44 41 -5.278589e-38
44 42 -7.166743e-39
44 43 -9.272296e-40
44 44 -1.143166e-40
44 45 -1.343023e-41
44 46 -1.503503e-42
44 47 -1.603863e-43
44 48 -1.630297e-44
44 49 -1.579056e-45
44 50 -1.457318e-46
44 51 -1.281538e-47
44 52 -1.073802e-48
44 53 -8.572866e-50
44 54 -6.521267e-51
44 55 -4.726464e-52
44 56 -3.263875e-53
44 57 -2.147425e-54
44 58 -1.346121e-55
44 59 -8.039449e-57
44 60 -4.574453e-58
44 61 -2.479804e-59
44 62 -1.280724e-60
44 63 1.612534e+00
44 64 -0.000000e+00

45 0 -0.000000e+00
45 1 -2.444163e-01
45 2 -2.101836e-21
45 3 -1.863472e-21
45 4 -1.574479e-21
45 5 -1.267773e-21
45 6 -9.728290e-22
45 7 -7.114149e-22
45 8 -4.957940e-22
45 9 -3.292851e-22
45 10 -2.084185e-22
45 11 -1.257171e-22
45 12 -7.226823e-23
45 13 -3.959097e-23
45 14 -2.067004e-23
45 15 -1.028451e-23
45 16 -4.876683e-24
45 17 -2.203759e-24
45 18 -9.490812e-25
45 19 -3.895318e-25
45 20 -1.523644e-25
45 21 -5.679698e-26
45 22 -2.017757e-26
45 23 -6.831473e-27
45 24 -2.204256e-27
45 25 -6.778157e-28
45 26 -1.986383e-28
45 27 -5.547737e-29
45 28 -1.476622e-29
45 29 -3.745613e-30
45 30 -9.054726e-31
45 31 -2.086053e-31
45 32 -4.580066e-32
45 33 -9.583245e-33
45 34 -1.910936e-33
45 35 -3.631366e-34
45 36 -6.576304e-35
45 37 -1.134957e-35
45 38 -1.866634e-36
45 39 -2.925624e-37
45 40 -4.369723e-38
45 41 -6.219593e-39
45 42 -8.436045e-40
45 43 -1.090387e-40
45 44 -1.343023e-41
45 45 -1.576313e-42
45 46 -1.763006e-43
45 47 -1.878937e-44
45 48 -1.908154e-45
45 49 -1.846513e-46
45 50 -1.702645e-47
45 51 -1.495971e-48
45 52 -1.252405e-49
45 53 -9.990417e-51
45 54 -7.593362e-52
45 55 -5.499092e-53
45 56 -3.794449e-54
45 57 -2.494607e-55
45 58 -1.562592e-56
45 59 -9.325528e-58
45 60 -5.302499e-59
45 61 -2.872509e-60
45 62 -1.482555e-61
45 63 1.721892e+00
45 64 -0.000000e+00

46 0 -0.000000e+00
46 1 -2.668772e-01
46 2 -2.423400e-22
46 3 -2.148351e-22
46 4 -1.814921e-22
46 5 -1.461111e-22
46 6 -1.120940e-22
46 7 -8.195123e-23
46 8 -5.709572e-23
46 9 -3.790770e-23
46 10 -2.398436e-23
46 11 -1.446128e-23
46 12 -8.309294e-24
46 13 -4.549898e-24
46 14 -2.374217e-24
46 15 -1.180651e-24
46 16 -5.595084e-25
46 17 -2.526833e-25
46 18 -1.087508e-25
46 19 -4.460420e-26
46 20 -1.743441e-26
46 21 -6.494241e-27
46 22 -2.305365e-27
46 23 -7.799060e-28
46 24 -2.514413e-28
46 25 -7.725446e-29
46 26 -2.262056e-29
46 27 -6.312134e-30
46 28 -1.678581e-30
46 29 -4.254039e-31
46 30 -1.027433e-31
46 31 -2.364818e-32
46 32 -5.187205e-33
46 33 -1.084326e-33
46 34 -2.160107e-34
46 35 -4.100896e-35
46 36 -7.419392e-36
46 37 -1.279211e-36
46 38 -2.101832e-37
46 39 -3.291043e-38
46 40 -4.910730e-39
46 41 -6.982849e-40
46 42 -9.462157e-41
46 43 -1.221843e-41
46 44 -1.503503e-42
46 45 -1.763006e-43
46 46 -1.969969e-44
46 47 -2.097574e-45
46 48 -2.128251e-46
46 49 -2.057651e-47
46 50 -1.895656e-48
46 51 -1.664106e-49
46 52 -1.391976e-50
46 53 -1.109447e-51
46 54 -8.425587e-53
46 55 -6.096881e-54
46 56 -4.203624e-55
46 57 -2.761489e-56
46 58 -1.728465e-57
46 59 -1.030791e-58
46 60 -5.856904e-60
46 61 -3.170644e-61
46 62 -1.635322e-62
46 63 1.832732e+00
46 64 -0.000000e+00

47 0 -0.000000e+00
47 1 -2.908517e-01
47 2 -2.659188e-23
47 3 -2.357155e-23
47 4 -1.991056e-23
47 5 -1.602639e-23
47 6 -1.229264e-23
47 7 -8.984889e-24
47 8 -6.258056e-24
47 9 -4.153616e-24
47 10 -2.627087e-24
47 11 -1.583380e-24
47 12 -9.094100e-25
47 13 -4.977367e-25
47 14 -2.596010e-25
47 15 -1.290272e-25
47 16 -6.111197e-26
47 17 -2.758307e-26
47 18 -1.186403e-26
47 19 -4.862910e-27
47 20 -1.899488e-27
47 21 -7.070570e-28
47 22 -2.508138e-28
47 23 -8.478695e-29
47 24 -2.731418e-29
47 25 -8.385525e-30
47 26 -2.453331e-30
47 27 -6.840166e-31
47 28 -1.817450e-31
47 29 -4.601977e-32
47 30 -1.110484e-32
47 31 -2.553682e-33
47 32 -5.596383e-34
47 33 -1.168783e-34
47 34 -2.326194e-35
47 35 -4.412071e-36
47 36 -7.974851e-37
47 37 -1.373678e-37
47 38 -2.254905e-38
47 39 -3.527365e-39
47 40 -5.258352e-40
47 41 -7.470051e-41
47 42 -1.011276e-41
47 43 -1.304624e-42
47 44 -1.603863e-43
47 45 -1.878937e-44
47 46 -2.097574e-45
47 47 -2.231404e-46
47 48 -2.261994e-47
47 49 -2.185007e-48
47 50 -2.011214e-49
47 51 -1.764020e-50
47 52 -1.474292e-51
47 53 -1.174070e-52
47 54 -8.909023e-54
47 55 -6.441499e-55
47 56 -4.437715e-56
47 57 -2.913014e-57
47 58 -1.821928e-58
47 59 -1.085726e-59
47 60 -6.164591e-61
47 61 -3.334864e-62
47 62 -1.718844e-63
47 63 1.944988e+00
47 64 -0.000000e+00

48 0 -0.000000e+00
48 1 -3.164062e-01
48 2 -2.777080e-24
48 3 -2.461441e-24
48 4 -2.078890e-24
48 5 -1.673074e-24
48 6 -1.283043e-24
48 7 -9.375843e-25
48 8 -6.528656e-25
48 9 -4.331942e-25
48 10 -2.738976e-25
48 11 -1.650221e-25
48 12 -9.474267e-26
48 13 -5.183230e-26
48 14 -2.702143e-26
48 15 -1.342367e-26
48 16 -6.354635e-27
48 17 -2.866610e-27
48 18 -1.232274e-27
48 19 -5.047870e-28
48 20 -1.970486e-28
48 21 -7.330017e-29
48 22 -2.598392e-29
48 23 -8.777566e-30
48 24 -2.825629e-30
48 25 -8.668210e-31
48 26 -2.534069e-31
48 27 -7.059655e-32
48 28 -1.874243e-32
48 29 -4.741837e-33
48 30 -1.143264e-33
48 31 -2.626799e-34
48 32 -5.751583e-35
48 33 -1.200132e-35
48 34 -2.386444e-36
48 35 -4.522247e-37
48 36 -8.166532e-38
48 37 -1.405403e-38
48 38 -2.304850e-39
48 39 -3.602154e-40
48 40 -5.364857e-41
48 41 -7.614274e-42
48 42 -1.029844e-42
48 43 -1.327349e-43
48 44 -1.630297e-44
48 45 -1.908154e-45
48 46 -2.128251e-46
48 47 -2.261994e-47
48 48 -2.290952e-48
48 49 -2.211021e-49
48 50 -2.033379e-50
48 51 -1.781921e-51
48 52 -1.487986e-52
48 53 -1.183983e-53
48 54 -8.976840e-55
48 55 -6.485279e-56
48 56 -4.464329e-57
48 57 -2.928202e-58
48 58 -1.830032e-59
48 59 -1.089742e-60
48 60 -6.182883e-62
48 61 -3.342380e-63
48 62 -1.721522e-64
48 63 2.058594e+00
48 64 -0.000000e+00

49 0 -0.000000e+00
49 1 -3.436089e-01
49 2 -2.760323e-25
49 3 -2.446388e-25
49 4 -2.065940e-25
49 5 -1.662407e-25
49 6 -1.274634e-25
49 7 -9.312426e-26
49 8 -6.482917e-26
49 9 -4.300409e-26
49 10 -2.718204e-26
49 11 -1.637152e-26
49 12 -9.395770e-27
49 13 -5.138233e-27
49 14 -2.677535e-27
49 15 -1.329532e-27
49 16 -6.290806e-28
49 17 -2.836352e-28
49 18 -1.218603e-28
49 19 -4.989019e-29
49 20 -1.946350e-29
49 21 -7.235720e-30
49 22 -2.563302e-30
49 23 -8.653213e-31
49 24 -2.783662e-31
49 25 -8.533344e-32
49 26 -2.492801e-32
49 27 -6.939421e-33
49 28 -1.840891e-33
49 29 -4.653755e-34
49 30 -1.121117e-34
49 31 -2.573784e-35
49 32 -5.630765e-36
49 33 -1.173919e-36
49 34 -2.332301e-37
49 35 -4.415780e-38
49 36 -7.967221e-39
49 37 -1.369881e-39
49 38 -2.244579e-40
49 39 -3.504794e-41
49 40 -5.215129e-42
49 41 -7.395052e-43
49 42 -9.992861e-44
49 43 -1.286794e-44
49 44 -1.579056e-45
49 45 -1.846513e-46
49 46 -2.057651e-47
49 47 -2.185007e-48
49 48 -2.211021e-49
49 49 -2.132007e-50
49 50 -1.959011e-51
49 51 -1.715275e-52
49 52 -1.431120e-53
49 53 -1.137782e-54
49 54 -8.619450e-56
49 55 -6.222039e-57
49 56 -4.279708e-58
49 57 -2.804913e-59
49 58 -1.751635e-60
49 59 -1.042275e-61
49 60 -5.909222e-63
49 61 -3.192146e-64
49 62 -1.642989e-65
49 63 2.173481e+00
49 64 -0.000000e+00

50 0 -0.000000e+00
50 1 -3.725290e-01
50 2 -2.611432e-26
50 3 -2.314254e-26
50 4 -1.954146e-26
50 5 -1.572234e-26
50 6 -1.205293e-26
50 7 -8.804078e-27
50 8 -6.127631e-27
50 9 -4.063684e-27
50 10 -2.567838e-27
50 11 -1.546098e-27
50 12 -8.870133e-28
50 13 -4.848963e-28
50 14 -2.525779e-28
50 15 -1.253636e-28
50 16 -5.928978e-29
50 17 -2.671915e-29
50 18 -1.147366e-29
50 19 -4.694842e-30
50 20 -1.830550e-30
50 21 -6.801214e-31
50 22 -2.407898e-31
50 23 -8.123420e-32
50 24 -2.611508e-32
50 25 -8.000149e-33
50 26 -2.335399e-33
50 27 -6.496551e-34
50 28 -1.722128e-34
50 29 -4.350215e-35
50 30 -1.047179e-35
50 31 -2.402134e-36
50 32 -5.250997e-37
50 33 -1.093844e-37
50 34 -2.171400e-38
50 35 -4.107671e-39
50 36 -7.404976e-40
50 37 -1.272109e-40
50 38 -2.082562e-41
50 39 -3.248962e-42
50 40 -4.830188e-43
50 41 -6.843142e-44
50 42 -9.238863e-45
50 43 -1.188644e-45
50 44 -1.457318e-46
50 45 -1.702645e-47
50 46 -1.895656e-48
50 47 -2.011214e-49
50 48 -2.033379e-50
50 49 -1.959011e-51
50 50 -1.798502e-52
50 51 -1.573393e-53
50 52 -1.311635e-54
50 53 -1.041920e-55
50 54 -7.886739e-57
50 55 -5.688510e-58
50 56 -3.909610e-59
50 57 -2.560341e-60
50 58 -1.597671e-61
50 59 -9.499432e-63
50 60 -5.381753e-64
50 61 -2.905099e-65
50 62 -1.494185e-66
50 63 2.289580e+00
50 64 -0.000000e+00

51 0 -0.000000e+00
51 1 -4.032374e-01
51 2 -2.351579e-27
51 3 -2.083824e-27
51 4 -1.759395e-27
51 5 -1.415363e-27
51 6 -1.084864e-27
51 7 -7.922936e-28
51 8 -5.513181e-28
51 9 -3.655316e-28
51 10 -2.309168e-28
51 11 -1.389940e-28
51 12 -7.971653e-29
51 13 -4.356267e-29
51 14 -2.268279e-29
51 15 -1.125373e-29
51 16 -5.320072e-30
51 17 -2.396412e-30
51 18 -1.028564e-30
51 19 -4.206580e-31
51 20 -1.639299e-31
51 21 -6.087247e-32
51 22 -2.153874e-32
51 23 -7.262042e-33
51 24 -2.333132e-33
51 25 -7.142735e-34
51 26 -2.083709e-34
51 27 -5.792414e-35
51 28 -1.534386e-35
51 29 -3.873151e-36
51 30 -9.316469e-37
51 31 -2.135490e-37
51 32 -4.664500e-38
51 33 -9.709027e-39
51 34 -1.925800e-39
51 35 -3.640095e-40
51 36 -6.556645e-41
51 37 -1.125432e-41
51 38 -1.840881e-42
51 39 -2.869474e-43
51 40 -4.262347e-44
51 41 -6.033444e-45
51 42 -8.138637e-46
51 43 -1.046182e-46
51 44 -1.281538e-47
51 45 -1.495971e-48
51 46 -1.664106e-49
51 47 -1.764020e-50
51 48 -1.781921e-51
51 49 -1.715275e-52
51 50 -1.573393e-53
51 51 -1.375296e-54
51 52 -1.145534e-55
51 53 -9.092196e-57
51 54 -6.876632e-58
51 55 -4.955932e-59
51 56 -3.403405e-60
51 57 -2.227084e-61
51 58 -1.388642e-62
51 59 -8.250315e-64
51 60 -4.670599e-65
51 61 -2.519371e-66
51 62 -1.294865e-67
51 63 2.406821e+00
51 64 -0.000000e+00

52 0 -0.000000e+00
52 1 -4.358063e-01
52 2 -2.015653e-28
52 3 -1.786027e-28
52 4 -1.507822e-28
52 5 -1.212837e-28
52 6 -9.294922e-29
52 7 -6.787058e-29
52 8 -4.721837e-29
52 9 -3.129936e-29
52 10 -1.976772e-29
52 11 -1.189532e-29
52 12 -6.820186e-30
52 13 -3.725794e-30
52 14 -1.939306e-30
52 15 -9.617914e-31
52 16 -4.544910e-31
52 17 -2.046359e-31
52 18 -8.779173e-32
52 19 -3.588750e-32
52 20 -1.397827e-32
52 21 -5.187847e-33
52 22 -1.834626e-33
52 23 -6.182119e-34
52 24 -1.984996e-34
52 25 -6.073198e-35
52 26 -1.770572e-35
52 27 -4.918707e-36
52 28 -1.302064e-36
52 29 -3.284436e-37
52 30 -7.894753e-38
52 31 -1.808291e-38
52 32 -3.946866e-39
52 33 -8.209055e-40
52 34 -1.627019e-40
52 35 -3.072929e-41
52 36 -5.530633e-42
52 37 -9.485515e-43
52 38 -1.550287e-43
52 39 -2.414511e-44
52 40 -3.583547e-45
52 41 -5.068325e-46
52 42 -6.830986e-47
52 43 -8.773443e-48
52 44 -1.073802e-48
52 45 -1.252405e-49
52 46 -1.391976e-50
52 47 -1.474292e-51
52 48 -1.487986e-52
52 49 -1.431120e-53
52 50 -1.311635e-54
52 51 -1.145534e-55
52 52 -9.533623e-57
52 53 -7.560678e-58
52 54 -5.713644e-59
52 55 -4.114452e-60
52 56 -2.823280e-61
52 57 -1.846016e-62
52 58 -1.150145e-63
52 59 -6.828126e-65
52 60 -3.862584e-66
52 61 -2.081986e-67
52 62 -1.069292e-68
52 63 2.525131e+00
52 64 -0.000000e+00

53 0 -0.000000e+00
53 1 -4.703093e-01
53 2 -1.644598e-29
53 3 -1.457152e-29
53 4 -1.230067e-29
53 5 -9.893096e-30
53 6 -7.580817e-30
53 7 -5.534537e-30
53 8 -3.849722e-30
53 9 -2.551301e-30
53 10 -1.610943e-30
53 11 -9.691392e-31
53 12 -5.554974e-31
53 13 -3.033681e-31
53 14 -1.578527e-31
53 15 -7.825836e-32
53 16 -3.696655e-32
53 17 -1.663753e-32
53 18 -7.134670e-33
53 19 -2.915188e-33
53 20 -1.134932e-33
53 21 -4.210048e-34
53 22 -1.488062e-34
53 23 -5.011585e-35
53 24 -1.608245e-35
53 25 -4.917630e-36
53 26 -1.432811e-36
53 27 -3.977908e-37
53 28 -1.052340e-37
53 29 -2.652751e-38
53 30 -6.372039e-39
53 31 -1.458495e-39
53 32 -3.181112e-40
53 33 -6.611541e-41
53 34 -1.309420e-41
53 35 -2.471210e-42
53 36 -4.444238e-43
53 37 -7.616294e-44
53 38 -1.243800e-44
53 39 -1.935615e-45
53 40 -2.870456e-46
53 41 -4.056457e-47
53 42 -5.462705e-48
53 43 -7.010259e-49
53 44 -8.572866e-50
53 45 -9.990417e-51
53 46 -1.109447e-51
53 47 -1.174070e-52
53 48 -1.183983e-53
53 49 -1.137782e-54
53 50 -1.041920e-55
53 51 -9.092196e-57
53 52 -7.560678e-58
53 53 -5.991118e-59
53 54 -4.523844e-60
53 55 -3.255047e-61
53 56 -2.231792e-62
53 57 -1.458122e-63
53 58 -9.077667e-65
53 59 -5.385067e-66
53 60 -3.043972e-67
53 61 -1.639528e-68
53 62 -8.414368e-70
53 63 2.644437e+00
53 64 -0.000000e+00

54 0 -0.000000e+00
54 1 -5.068216e-01
54 2 -1.277331e-30
54 3 -1.131678e-30
54 4 -9.552373e-31
54 5 -7.681904e-31
54 6 -5.885681e-31
54 7 -4.296312e-31
54 8 -2.987911e-31
54 9 -1.979765e-31
54 10 -1.249785e-31
54 11 -7.516831e-32
54 12 -4.307388e-32
54 13 -2.351663e-32
54 14 -1.223264e-32
54 15 -6.062508e-33
54 16 -2.862687e-33
54 17 -1.287916e-33
54 18 -5.520724e-34
54 19 -2.254772e-34
54 20 -8.774260e-35
54 21 -3.253288e-35
54 22 -1.149323e-35
54 23 -3.868767e-36
54 24 -1.240844e-36
54 25 -3.792093e-37
54 26 -1.104236e-37
54 27 -3.063859e-38
54 28 -8.100338e-39
54 29 -2.040649e-39
54 30 -4.898549e-40
54 31 -1.120479e-40
54 32 -2.442193e-41
54 33 -5.072237e-42
54 34 -1.003841e-42
54 35 -1.893122e-43
54 36 -3.402072e-44
54 37 -5.825881e-45
54 38 -9.506818e-46
54 39 -1.478312e-46
54 40 -2.190565e-47
54 41 -3.093190e-48
54 42 -4.162160e-49
54 43 -5.336957e-50
54 44 -6.521267e-51
54 45 -7.593362e-52
54 46 -8.425587e-53
54 47 -8.909023e-54
54 48 -8.976840e-55
54 49 -8.619450e-56
54 50 -7.886739e-57
54 51 -6.876632e-58
54 52 -5.713644e-59
54 53 -4.523844e-60
54 54 -3.413164e-61
54 55 -2.453914e-62
54 56 -1.681170e-63
54 57 -1.097517e-64
54 58 -6.827391e-66
54 59 -4.047056e-67
54 60 -2.285920e-68
54 61 -1.230315e-69
54 62 -6.309594e-71
54 63 2.764663e+00
54 64 -0.000000e+00

55 0 -0.000000e+00
55 1 -5.454198e-01
55 2 -9.444028e-32
55 3 -8.366679e-32
55 4 -7.061679e-32
55 5 -5.678356e-32
55 6 -4.350087e-32
55 7 -3.174936e-32
55 8 -2.207675e-32
55 9 -1.462514e-32
55 10 -9.230623e-33
55 11 -5.550475e-33
55 12 -3.179798e-33
55 13 -1.735567e-33
55 14 -9.025220e-34
55 15 -4.471483e-34
55 16 -2.110694e-34
55 17 -9.492527e-35
55 18 -4.067467e-35
55 19 -1.660561e-35
55 20 -6.459185e-36
55 21 -2.393843e-36
55 22 -8.453024e-37
55 23 -2.844005e-37
55 24 -9.117041e-38
55 25 -2.784750e-38
55 26 -8.104586e-39
55 27 -2.247456e-39
55 28 -5.938421e-40
55 29 -1.495111e-40
55 30 -3.586759e-41
55 31 -8.198992e-42
55 32 -1.785877e-42
55 33 -3.706627e-43
55 34 -7.330699e-44
55 35 -1.381510e-44
55 36 -2.480891e-45
55 37 -4.245306e-46
55 38 -6.922460e-47
55 39 -1.075634e-47
55 40 -1.592659e-48
55 41 -2.247180e-49
55 42 -3.021418e-50
55 43 -3.871179e-51
55 44 -4.726464e-52
55 45 -5.499092e-53
55 46 -6.096881e-54
55 47 -6.441499e-55
55 48 -6.485279e-56
55 49 -6.222039e-57
55 50 -5.688510e-58
55 51 -4.955932e-59
55 52 -4.114452e-60
55 53 -3.255047e-61
55 54 -2.453914e-62
55 55 -1.762854e-63
55 56 -1.206774e-64
55 57 -7.872018e-66
55 58 -4.893208e-67
55 59 -2.898316e-68
55 60 -1.635835e-69
55 61 -8.797738e-71
55 62 -4.508551e-72
55 63 2.885733e+00
55 64 -0.000000e+00

56 0 -0.000000e+00
56 1 -5.861816e-01
56 2 -6.647096e-33
56 3 -5.888510e-33
56 4 -4.969685e-33
56 5 -3.995795e-33
56 6 -3.060759e-33
56 7 -2.233613e-33
56 8 -1.552891e-33
56 9 -1.028559e-33
56 10 -6.490454e-34
56 11 -3.901934e-34
56 12 -2.234838e-34
56 13 -1.219482e-34
56 14 -6.339728e-35
56 15 -3.140032e-35
56 16 -1.481728e-35
56 17 -6.661571e-36
56 18 -2.853393e-36
56 19 -1.164465e-36
56 20 -4.527664e-37
56 21 -1.677291e-37
56 22 -5.920143e-38
56 23 -1.990899e-38
56 24 -6.379153e-39
56 25 -1.947498e-39
56 26 -5.664937e-40
56 27 -1.570076e-40
56 28 -4.146269e-41
56 29 -1.043300e-41
56 30 -2.501378e-42
56 31 -5.714413e-43
56 32 -1.243912e-43
56 33 -2.580100e-44
56 34 -5.099362e-45
56 35 -9.603530e-46
56 36 -1.723395e-46
56 37 -2.947002e-47
56 38 -4.801983e-48
56 39 -7.456039e-49
56 40 -1.103177e-49
56 41 -1.555373e-50
56 42 -2.089671e-51
56 43 -2.675328e-52
56 44 -3.263875e-53
56 45 -3.794449e-54
56 46 -4.203624e-55
56 47 -4.437715e-56
56 48 -4.464329e-57
56 49 -4.279708e-58
56 50 -3.909610e-59
56 51 -3.403405e-60
56 52 -2.823280e-61
56 53 -2.231792e-62
56 54 -1.681170e-63
56 55 -1.206774e-64
56 56 -8.254587e-66
56 57 -5.380435e-67
56 58 -3.341872e-68
56 59 -1.977927e-69
56 60 -1.115515e-70
56 61 -5.994914e-72
56 62 -3.069934e-73
56 63 3.007568e+00
56 64 -0.000000e+00

57 0 -0.000000e+00
57 1 -6.291867e-01
57 2 -4.453864e-34
57 3 -3.945385e-34
57 4 -3.329533e-34
57 5 -2.676824e-34
57 6 -2.050215e-34
57 7 -1.495972e-34
57 8 -1.039903e-34
57 9 -6.886678e-35
57 10 -4.344855e-35
57 11 -2.611508e-35
57 12 -1.495410e-35
57 13 -8.158001e-36
57 14 -4.239987e-36
57 15 -2.099448e-36
57 16 -9.903941e-37
57 17 -4.451191e-37
57 18 -1.905955e-37
57 19 -7.775356e-38
57 20 -3.022056e-38
57 21 -1.119084e-38
57 22 -3.948243e-39
57 23 -1.327181e-39
57 24 -4.250544e-40
57 25 -1.297033e-40
57 26 -3.770974e-41
57 27 -1.044613e-41
57 28 -2.757152e-42
57 29 -6.933826e-43
57 30 -1.661484e-43
57 31 -3.793446e-44
57 32 -8.252585e-45
57 33 -1.710677e-45
57 34 -3.378872e-46
57 35 -6.359229e-47
57 36 -1.140433e-47
57 37 -1.948815e-48
57 38 -3.173294e-49
57 39 -4.923703e-50
57 40 -7.279776e-51
57 41 -1.025632e-51
57 42 -1.376938e-52
57 43 -1.761527e-53
57 44 -2.147425e-54
57 45 -2.494607e-55
57 46 -2.761489e-56
57 47 -2.913014e-57
57 48 -2.928202e-58
57 49 -2.804913e-59
57 50 -2.560341e-60
57 51 -2.227084e-61
57 52 -1.846016e-62
57 53 -1.458122e-63
57 54 -1.097517e-64
57 55 -7.872018e-66
57 56 -5.380435e-67
57 57 -3.504317e-68
57 58 -2.174915e-69
57 59 -1.286269e-70
57 60 -7.248852e-72
57 61 -3.892711e-73
57 62 -1.991947e-74
57 63 3.130091e+00
57 64 -0.000000e+00

58 0 -0.000000e+00
58 1 -6.745157e-01
58 2 -2.841066e-35
58 3 -2.516598e-35
58 4 -2.123637e-35
58 5 -1.707187e-35
58 6 -1.307426e-35
58 7 -9.538707e-36
58 8 -6.629788e-36
58 9 -4.389841e-36
58 10 -2.769101e-36
58 11 -1.664069e-36
58 12 -9.526830e-37
58 13 -5.196038e-37
58 14 -2.699885e-37
58 15 -1.336503e-37
58 16 -6.303019e-38
58 17 -2.831943e-38
58 18 -1.212217e-38
58 19 -4.943557e-39
58 20 -1.920724e-39
58 21 -7.109845e-40
58 22 -2.507428e-40
58 23 -8.425068e-41
58 24 -2.697111e-41
58 25 -8.226369e-42
58 26 -2.390592e-42
58 27 -6.619029e-43
58 28 -1.746139e-43
58 29 -4.388969e-44
58 30 -1.051114e-44
58 31 -2.398524e-45
58 32 -5.214942e-46
58 33 -1.080363e-46
58 34 -2.132597e-47
58 35 -4.011161e-48
58 36 -7.188817e-49
58 37 -1.227649e-49
58 38 -1.997671e-50
58 39 -3.097490e-51
58 40 -4.576518e-52
58 41 -6.443213e-53
58 42 -8.644000e-54
58 43 -1.105031e-54
58 44 -1.346121e-55
58 45 -1.562592e-56
58 46 -1.728465e-57
58 47 -1.821928e-58
58 48 -1.830032e-59
58 49 -1.751635e-60
58 50 -1.597671e-61
58 51 -1.388642e-62
58 52 -1.150145e-63
58 53 -9.077667e-65
58 54 -6.827391e-66
58 55 -4.893208e-67
58 56 -3.341872e-68
58 57 -2.174915e-69
58 58 -1.348805e-70
58 59 -7.970930e-72
58 60 -4.488689e-73
58 61 -2.408677e-74
58 62 -1.231639e-75
58 63 3.253219e+00
58 64 -0.000000e+00

59 0 -0.000000e+00
59 1 -7.222510e-01
59 2 -1.725335e-36
59 3 -1.528225e-36
59 4 -1.289519e-36
59 5 -1.036561e-36
59 6 -7.937614e-37
59 7 -5.790471e-37
59 8 -4.024093e-37
59 9 -2.664119e-37
59 10 -1.680244e-37
59 11 -1.009546e-37
59 12 -5.778524e-38
59 13 -3.150988e-38
59 14 -1.636884e-38
59 15 -8.100895e-39
59 16 -3.819395e-39
59 17 -1.715558e-39
59 18 -7.341227e-40
59 19 -2.992865e-40
59 20 -1.162423e-40
59 21 -4.301333e-41
59 22 -1.516377e-41
59 23 -5.093078e-42
59 24 -1.629769e-42
59 25 -4.968759e-43
59 26 -1.443278e-43
59 27 -3.994257e-44
59 28 -1.053198e-44
59 29 -2.645914e-45
59 30 -6.333408e-46
59 31 -1.444438e-46
59 32 -3.138806e-47
59 33 -6.498867e-48
59 34 -1.282102e-48
59 35 -2.410035e-49
59 36 -4.316616e-50
59 37 -7.366934e-51
59 38 -1.198000e-51
59 39 -1.856339e-52
59 40 -2.740889e-53
59 41 -3.856225e-54
59 42 -5.169795e-55
59 43 -6.604304e-56
59 44 -8.039449e-57
59 45 -9.325528e-58
59 46 -1.030791e-58
59 47 -1.085726e-59
59 48 -1.089742e-60
59 49 -1.042275e-61
59 50 -9.499432e-63
59 51 -8.250315e-64
59 52 -6.828126e-65
59 53 -5.385067e-66
59 54 -4.047056e-67
59 55 -2.898316e-68
59 56 -1.977927e-69
59 57 -1.286269e-70
59 58 -7.970930e-72
59 59 -4.706964e-73
59 60 -2.648657e-74
59 61 -1.420238e-75
59 62 -7.256806e-77
59 63 3.376870e+00
59 64 -0.000000e+00

60 0 -0.000000e+00
60 1 -7.724762e-01
60 2 -9.975190e-38
60 3 -8.835226e-38
60 4 -7.454756e-38
60 5 -5.991963e-38
60 6 -4.588023e-38
60 7 -3.346600e-38
60 8 -2.325440e-38
60 9 -1.539327e-38
60 10 -9.706947e-39
60 11 -5.831257e-39
60 12 -3.337117e-39
60 13 -1.819334e-39
60 14 -9.449038e-40
60 15 -4.675190e-40
60 16 -2.203688e-40
60 17 -9.895617e-41
60 18 -4.233313e-41
60 19 -1.725305e-41
60 20 -6.698881e-42
60 21 -2.477953e-42
60 22 -8.732563e-43
60 23 -2.931917e-43
60 24 -9.378355e-44
60 25 -2.858054e-44
60 26 -8.298254e-45
60 27 -2.295512e-45
60 28 -6.049965e-46
60 29 -1.519185e-46
60 30 -3.634603e-47
60 31 -8.285067e-48
60 32 -1.799417e-48
60 33 -3.723645e-49
60 34 -7.341921e-50
60 35 -1.379304e-50
60 36 -2.469012e-51
60 37 -4.211174e-52
60 38 -6.843901e-53
60 39 -1.059811e-53
60 40 -1.563801e-54
60 41 -2.198698e-55
60 42 -2.945674e-56
60 43 -3.760465e-57
60 44 -4.574453e-58
60 45 -5.302499e-59
60 46 -5.856904e-60
60 47 -6.164591e-61
60 48 -6.182883e-62
60 49 -5.909222e-63
60 50 -5.381753e-64
60 51 -4.670599e-65
60 52 -3.862584e-66
60 53 -3.043972e-67
60 54 -2.285920e-68
60 55 -1.635835e-69
60 56 -1.115515e-70
60 57 -7.248852e-72
60 58 -4.488689e-73
60 59 -2.648657e-74
60 60 -1.489314e-75
60 61 -7.979939e-77
60 62 -4.074403e-78
60 63 3.500961e+00
60 64 -0.000000e+00

61 0 -0.000000e+00
61 1 -8.252764e-01
61 2 -5.490756e-39
61 3 -4.863088e-39
61 4 -4.103031e-39
61 5 -3.297697e-39
61 6 -2.524823e-39
61 7 -1.841476e-39
61 8 -1.279433e-39
61 9 -8.468119e-40
61 10 -5.339191e-40
61 11 -3.206897e-40
61 12 -1.834921e-40
61 13 -1.000172e-40
61 14 -5.193487e-41
61 15 -2.569053e-41
61 16 -1.210652e-41
61 17 -5.435009e-42
61 18 -2.324443e-42
61 19 -9.470620e-43
61 20 -3.676052e-43
61 21 -1.359353e-43
61 22 -4.788871e-44
61 23 -1.607268e-44
61 24 -5.139266e-45
61 25 -1.565581e-45
61 26 -4.543757e-46
61 27 -1.256388e-46
61 28 -3.309833e-47
61 29 -8.307405e-48
61 30 -1.986580e-48
61 31 -4.526186e-49
61 32 -9.825358e-50
61 33 -2.032161e-50
61 34 -4.004663e-51
61 35 -7.519275e-52
61 36 -1.345217e-52
61 37 -2.293078e-53
61 38 -3.724429e-54
61 39 -5.763933e-55
61 40 -8.499632e-56
61 41 -1.194283e-56
61 42 -1.598981e-57
61 43 -2.039916e-58
61 44 -2.479804e-59
61 45 -2.872509e-60
61 46 -3.170644e-61
61 47 -3.334864e-62
61 48 -3.342380e-63
61 49 -3.192146e-64
61 50 -2.905099e-65
61 51 -2.519371e-66
61 52 -2.081986e-67
61 53 -1.639528e-68
61 54 -1.230315e-69
61 55 -8.797738e-71
61 56 -5.994914e-72
61 57 -3.892711e-73
61 58 -2.408677e-74
61 59 -1.420238e-75
61 60 -7.979939e-77
61 61 -4.272600e-78
61 62 -2.179906e-79
61 63 3.625407e+00
61 64 -0.000000e+00

62 0 -0.000000e+00
62 1 -8.807383e-01
62 2 -2.877486e-40
62 3 -2.548460e-40
62 4 -2.150051e-40
62 5 -1.727932e-40
62 6 -1.322856e-40
62 7 -9.647330e-41
62 8 -6.702114e-41
62 9 -4.435349e-41
62 10 -2.796126e-41
62 11 -1.679191e-41
62 12 -9.606383e-42
62 13 -5.235258e-42
62 14 -2.717921e-42
62 15 -1.344184e-42
62 16 -6.332946e-43
62 17 -2.842373e-43
62 18 -1.215311e-43
62 19 -4.950254e-44
62 20 -1.920899e-44
62 21 -7.101040e-45
62 22 -2.500823e-45
62 23 -8.390562e-46
62 24 -2.681945e-46
62 25 -8.167011e-47
62 26 -2.369380e-47
62 27 -6.548899e-48
62 28 -1.724520e-48
62 29 -4.326516e-49
62 30 -1.034148e-49
62 31 -2.355080e-50
62 32 -5.109889e-51
62 33 -1.056341e-51
62 34 -2.080597e-52
62 35 -3.904518e-53
62 36 -6.981464e-54
62 37 -1.189404e-54
62 38 -1.930725e-55
62 39 -2.986231e-56
62 40 -4.400909e-57
62 41 -6.179900e-58
62 42 -8.268833e-59
62 43 -1.054228e-59
62 44 -1.280724e-60
62 45 -1.482555e-61
62 46 -1.635322e-62
62 47 -1.718844e-63
62 48 -1.721522e-64
62 49 -1.642989e-65
62 50 -1.494185e-66
62 51 -1.294865e-67
62 52 -1.069292e-68
62 53 -8.414368e-70
62 54 -6.309594e-71
62 55 -4.508551e-72
62 56 -3.069934e-73
62 57 -1.991947e-74
62 58 -1.231639e-75
62 59 -7.256806e-77
62 60 -4.074403e-78
62 61 -2.179906e-79
62 62 -1.111388e-80
62 63 3.750121e+00
62 64 -0.000000e+00

63 0 -0.000000e+00
63 1 -1.937485e+00
63 2 -9.941416e-01
63 3 -9.868212e-01
63 4 -9.765778e-01
63 5 -9.634162e-01
63 6 -9.473429e-01
63 7 -9.283658e-01
63 8 -9.064941e-01
63 9 -8.817387e-01
63 10 -8.541117e-01
63 11 -8.236266e-01
63 12 -7.902985e-01
63 13 -7.541438e-01
63 14 -7.151804e-01
63 15 -6.734276e-01
63 16 -6.289062e-01
63 17 -5.816384e-01
63 18 -5.316477e-01
63 19 -4.789591e-01
63 20 -4.235992e-01
63 21 -3.655959e-01
63 22 -3.049784e-01
63 23 -2.417775e-01
63 24 -1.760254e-01
63 25 -1.077557e-01
63 26 -3.700352e-02
63 27 3.619474e-02
63 28 1.118011e-01
63 29 1.897764e-01
63 30 2.700796e-01
63 31 3.526687e-01
63 32 4.375000e-01
63 33 5.245284e-01
63 34 6.137075e-01
63 35 7.049894e-01
63 36 7.983246e-01
63 37 8.936624e-01
63 38 9.909506e-01
63 39 1.090136e+00
63 40 1.191162e+00
63 41 1.293974e+00
63 42 1.398513e+00
63 43 1.504720e+00
63 44 1.612534e+00
63 45 1.721892e+00
63 46 1.832732e+00
63 47 1.944988e+00
63 48 2.058594e+00
63 49 2.173481e+00
63 50 2.289580e+00
63 51 2.406821e+00
63 52 2.525131e+00
63 53 2.644437e+00
63 54 2.764663e+00
63 55 2.885733e+00
63 56 3.007568e+00
63 57 3.130091e+00
63 58 3.253219e+00
63 59 3.376870e+00
63 60 3.500961e+00
63 61 3.625407e+00
63 62 3.750121e+00
63 63 7.750030e+00
63 64 -0.000000e+00

64 0 -0.000000e+00
64 1 -0.000000e+00
64 2 -0.000000e+00
64 3 -0.000000e+00
64 4 -0.000000e+00
64 5 -0.000000e+00
64 6 -0.000000e+00
64 7 -0.000000e+00
64 8 -0.000000e+00
64 9 -0.000000e+00
64 10 -0.000000e+00
64 11 -0.000000e+00
64 12 -0.000000e+00
64 13 -0.000000e+00
64 14 -0.000000e+00
64 15 -0.000000e+00
64 16 -0.000000e+00
64 17 -0.000000e+00
64 18 -0.000000e+00
64 19 -0.000000e+00
64 20 -0.000000e+00
64 21 -0.000000e+00
64 22 -0.000000e+00
64 23 -0.000000e+00
64 24 -0.000000e+00
64 25 -0.000000e+00
64 26 -0.000000e+00
64 27 -0.000000e+00
64 28 -0.000000e+00
64 29 -0.000000e+00
64 30 -0.000000e+00
64 31 -0.000000e+00
64 32 -0.000000e+00
64 33 -0.000000e+00
64 34 -0.000000e+00
64 35 -0.000000e+00
64 36 -0.000000e+00
64 37 -0.000000e+00
64 38 -0.000000e+00
64 39 -0.000000e+00
64 40 -0.000000e+00
64 41 -0.000000e+00
64 42 -0.000000e+00
64 43 -0.000000e+00
64 44 -0.000000e+00
64 45 -0.000000e+00
64 46 -0.000000e+00
64 47 -0.000000e+00
64 48 -0.000000e+00
64 49 -0.000000e+00
64 50 -0.000000e+00
64 51 -0.000000e+00
64 52 -0.000000e+00
64 53 -0.000000e+00
64 54 -0.000000e+00
64 55 -0.000000e+00
64 56 -0.000000e+00
64 57 -0.000000e+00
64 58 -0.000000e+00
64 59 -0.000000e+00
64 60 -0.000000e+00
64 61 -0.000000e+00
64 62 -0.000000e+00
64 63 -0.000000e+00
64 64 -0.000000e+00

